LOCA	parcelle	num.tree2	num.trap	id.trap	strate	prop.trap.season	ab.colsx	sr.colsx	ab.colsxrar	sr.colsxrar	ab.colsxcom	sr.colsxcom	ab.cav	sr.cav	ab.fon	sr.fon	ab.fonspe	sr.fonspe	ab.suc	sr.suc	ab.lig	sr.lig	ab.flo	sr.flo	ab.pho	sr.pho	ab.myc	sr.myc	ab.xyl	sr.xyl	ab.sxy	sr.sxy	ab.zoo	sr.zoo	ab.cavspe	sr.cavspe	CWM_diam	CWM_canop	CWM_decay	CWM_size	FD_diam	FD_canop	FD_decay	FD_size	ab.colsxrsx	sr.colsxrsx
Troncais	413	10	1	Troncais101	supra 	0.597143964	110	31	5	4	98	23	28	7	42	12	7	2	0	0	102	28	44	10	2	2	37	8	29	11	25	4	17	6	0	0	2.175636364	1.479090909	2.887272727	3.921818182	0.505734895	0.340179537	0.86668899	0.360485422	0	0
Troncais	413	10	2	Troncais102	intra.sup	0.57112528	148	52	37	7	95	38	29	12	59	17	12	3	0	0	129	46	63	18	8	4	34	9	24	12	40	15	42	12	2	2	2.048918919	1.495608108	2.755	5.148648649	0.628074685	0.441014645	0.847960097	0.530739713	0	0
Troncais	413	10	3	Troncais103	intra.inf	0.628428143	165	53	17	4	99	45	49	13	98	22	11	5	2	1	141	43	47	16	15	6	76	12	10	7	33	18	32	11	5	4	2.237939394	1.731454545	3.079575758	4.231515152	0.58793595	0.721625444	0.6375012	0.432408597	1	1
Troncais	413	10	4	Troncais104	infra 	0.531948882	119	44	3	2	87	37	34	14	66	17	5	2	1	1	104	39	26	14	10	3	47	10	27	9	18	14	16	7	2	2	2.278403361	1.738403361	2.808655462	4.273109244	0.637441964	0.732607741	0.729913501	0.445868507	0	0
Troncais	19	1	1	Troncais11	supra 	0.862216604	214	67	16	8	160	55	49	14	97	22	10	4	1	1	199	62	49	15	6	2	72	14	57	18	38	19	41	14	0	0	2.108411215	1.579766355	2.643224299	5.227102804	0.613847345	0.676109552	0.739044595	0.572306574	2	2
Troncais	19	1	2	Troncais12	intra.sup	0.894842216	416	84	50	10	293	70	72	19	141	25	14	5	13	3	393	74	90	22	11	6	86	13	141	23	80	24	87	16	5	4	2.209663462	1.511778846	2.540625	6.595673077	0.62333009	0.576377268	0.775808833	0.784165539	2	2
Troncais	19	1	3	Troncais13	intra.inf	0.848031664	291	72	31	8	194	59	48	17	153	24	21	5	4	4	261	63	44	17	10	5	82	14	107	19	47	20	49	14	7	3	2.285601375	1.597869416	2.658350515	4.481786942	0.681046469	0.585056262	0.83330498	0.507311055	3	2
Troncais	19	1	4	Troncais14	infra 	0.794968051	262	52	13	5	206	43	11	9	187	22	10	5	2	2	246	43	21	9	6	4	51	12	154	13	24	12	29	12	3	2	2.037824427	1.581526718	2.310839695	3.073282443	0.518232055	0.42850323	0.544268783	0.275304593	0	0
Troncais	43	2	1	Troncais21	supra 	0.73492736	233	57	23	4	193	50	34	10	96	19	25	4	3	2	189	50	75	19	20	4	69	10	63	19	27	13	52	10	4	2	2.170515021	1.448583691	2.530686695	5.145493562	0.666999596	0.413982898	0.87826181	0.552686039	2	2
Troncais	43	2	2	Troncais22	intra.sup	0.404130527	91	35	14	2	66	30	21	8	42	11	7	3	0	0	72	30	41	11	12	2	24	6	17	10	16	9	21	7	1	1	2.161318681	1.473076923	2.837582418	4.447252747	0.558963913	0.317707173	0.791589011	0.372350811	0	0
Troncais	43	2	3	Troncais23	intra.inf	0.780396478	176	52	11	5	127	43	37	16	75	21	5	4	2	2	160	44	25	11	10	3	54	9	74	14	20	14	20	12	1	1	2.008068182	1.673465909	2.546193182	3.571590909	0.681952731	0.669063425	0.774972128	0.288856502	0	0
Troncais	43	2	4	Troncais24	infra 	0.933181196	112	50	2	2	87	44	27	17	67	25	8	5	2	2	97	41	16	12	8	5	43	15	36	10	15	12	12	10	3	3	2.309910714	1.646875	2.607321429	3.44375	0.549539536	0.55614578	0.809220936	0.345462302	0	0
Troncais	118	3	1	Troncais31	supra 	1	294	56	14	5	226	45	39	9	138	19	15	2	0	0	267	52	59	16	13	3	115	10	111	20	25	10	30	13	2	1	2.247653061	1.517346939	2.522108844	3.946258503	0.481890648	0.421718375	0.717083287	0.388324737	0	0
Troncais	118	3	2	Troncais32	intra.sup	1	469	83	58	14	296	64	54	17	120	18	22	6	6	3	440	75	68	21	8	3	97	11	177	23	76	26	108	19	1	1	2.191002132	1.472707889	2.400319829	5.612153518	0.665640696	0.471698305	0.663558936	0.662068499	0	0
Troncais	118	3	3	Troncais33	intra.inf	1	201	66	26	10	99	52	33	14	101	23	3	2	0	0	185	60	38	17	13	4	78	10	35	13	45	23	36	17	8	3	2.265373134	1.645522388	2.675870647	4.306965174	0.64721733	0.659567397	0.633355935	0.502471585	0	0
Troncais	118	3	4	Troncais34	infra 	1	117	46	4	4	71	37	24	10	66	17	4	4	0	0	108	39	17	12	5	3	56	13	19	9	29	16	10	7	1	1	2.158547009	1.716837607	2.777521368	3.828205128	0.509289753	0.646491275	0.667195693	0.406511779	0	0
Troncais	207	4	1	Troncais41	supra 	1	299	68	18	7	249	56	94	16	159	22	19	3	3	3	275	63	79	19	8	5	141	10	64	23	51	15	33	13	1	1	2.194949833	1.656020067	2.752441472	4.324414716	0.473471077	0.801322338	0.731293593	0.404758443	3	3
Troncais	207	4	2	Troncais42	intra.sup	0.894842216	153	53	22	10	93	39	17	8	79	19	8	5	1	1	142	46	14	10	3	2	53	11	47	17	41	16	10	8	0	0	2.004183007	1.542614379	2.51869281	5.494117647	0.587205701	0.68299426	0.568838016	0.622742054	0	0
Troncais	207	4	3	Troncais43	intra.inf	1	124	52	9	5	88	42	13	8	64	19	5	5	3	2	109	42	16	12	10	5	32	10	47	11	23	18	14	9	5	3	2.279758065	1.611451613	2.562580645	4.089516129	0.681512791	0.587041103	0.694705512	0.41834563	0	0
Troncais	207	4	4	Troncais44	infra 	1	154	61	14	6	113	51	23	15	79	24	4	2	2	1	142	57	22	9	8	2	40	14	53	12	30	20	28	14	5	1	2.354935065	1.651558442	2.624220779	3.937662338	0.607140089	0.65084146	0.742481433	0.389623958	0	0
Troncais	315	5	1	Troncais51	supra 	0.883802034	257	62	29	8	207	48	26	10	115	21	15	3	1	1	235	56	82	22	8	4	88	10	72	21	37	15	52	12	3	2	2.076108949	1.471789883	2.718287938	5.556031128	0.736079423	0.35870264	0.735271017	0.614263036	1	1
Troncais	315	5	2	Troncais52	intra.sup	0.884609958	229	62	40	9	135	48	26	11	84	23	7	5	4	2	207	53	64	17	15	4	53	11	67	14	42	17	52	16	6	2	2.166200873	1.502183406	2.653231441	4.726637555	0.627708956	0.359635765	0.751309306	0.48901505	0	0
Troncais	315	5	3	Troncais53	intra.inf	0.905715539	148	51	18	4	74	43	19	13	78	22	9	7	2	2	124	41	25	14	16	4	63	12	28	14	22	12	29	9	13	2	2.333918919	1.679662162	2.672027027	3.667567568	0.669579307	0.629094713	0.645077039	0.384321648	0	0
Troncais	315	5	4	Troncais54	infra 	0.933181196	144	46	12	4	89	38	23	9	77	16	2	2	0	0	132	41	23	8	10	3	59	10	30	11	25	15	24	8	5	2	2.197708333	1.675763889	2.631597222	3.75625	0.666169087	0.633061956	0.57426983	0.360439886	1	1
Troncais	327	6	1	Troncais61	supra 	1	315	66	25	7	256	54	69	15	171	23	13	3	0	0	290	61	91	17	22	4	138	10	51	20	57	20	46	12	1	1	2.236825397	1.547619048	2.867492063	3.772698413	0.456101776	0.459515431	0.69372755	0.328341733	4	3
Troncais	327	6	2	Troncais62	intra.sup	1	312	68	40	6	197	57	66	16	125	19	10	2	4	3	283	61	81	18	21	7	86	9	98	18	57	21	48	12	4	4	2.118429487	1.567852564	2.643461538	4.761858974	0.619954304	0.551107197	0.800498458	0.515544023	0	0
Troncais	327	6	3	Troncais63	intra.inf	1	232	73	28	7	142	62	48	20	109	24	6	4	2	2	212	64	72	18	15	6	82	13	37	15	46	23	51	15	5	4	2.222284483	1.63612069	2.877025862	4.07112069	0.537898379	0.644299057	0.71155077	0.398630233	0	0
Troncais	327	6	4	Troncais64	infra 	0.786398905	132	52	8	5	82	43	30	17	85	27	4	4	1	1	126	46	19	11	2	2	64	15	16	6	35	17	15	12	1	1	2.219772727	1.698712121	2.79469697	3.524242424	0.571453415	0.616254837	0.685660173	0.350081615	0	0
Troncais	337	7	1	Troncais71	supra 	1	225	51	9	3	170	43	34	10	115	17	20	4	1	1	198	44	50	11	8	4	106	12	59	20	23	5	26	9	4	2	2.200044444	1.551422222	2.640355556	3.559555556	0.461869829	0.526906208	0.772497037	0.325686185	7	4
Troncais	337	7	2	Troncais72	intra.sup	1	249	73	40	12	165	56	44	18	115	22	10	4	2	2	234	66	46	22	7	4	87	11	52	12	66	28	39	18	4	2	2.102891566	1.507429719	2.684297189	5.227309237	0.669723549	0.599521214	0.7285334	0.621301402	0	0
Troncais	337	7	3	Troncais73	intra.inf	1	178	57	32	11	79	41	32	13	99	23	5	5	5	1	165	50	36	13	13	3	78	14	26	10	37	19	29	12	5	1	2.3	1.628876404	2.891460674	3.961235955	0.602019999	0.663947916	0.648185967	0.433827782	0	0
Troncais	337	7	4	Troncais74	infra 	1	161	62	9	6	108	51	36	12	85	21	6	4	1	1	150	55	29	14	4	2	71	13	24	15	40	19	21	12	2	2	2.230372671	1.697826087	2.706459627	4.32484472	0.566126448	0.772640647	0.65089378	0.457710558	0	0
Troncais	350	8	1	Troncais81	supra 	1	305	64	27	6	253	55	77	14	126	19	19	3	0	0	281	60	108	18	7	3	102	10	76	23	70	18	51	11	0	0	2.209639344	1.497704918	2.707278689	4.90295082	0.53252219	0.453406959	0.890212511	0.556072183	3	3
Troncais	350	8	2	Troncais82	intra.sup	1	274	69	37	12	158	51	54	18	133	22	11	3	2	1	253	62	79	20	12	5	102	10	46	16	66	23	49	16	6	3	2.161788321	1.582226277	2.738357664	4.616058394	0.558390885	0.632428777	0.756713367	0.527457182	1	1
Troncais	350	8	3	Troncais83	intra.inf	1	287	77	23	8	157	63	73	20	185	32	12	7	4	1	255	64	56	22	24	7	136	18	44	17	50	21	42	15	4	4	2.292857143	1.683554007	2.877003484	3.990592334	0.590894755	0.656332504	0.696930067	0.438243977	3	3
Troncais	350	8	4	Troncais84	infra 	1	202	67	1	1	128	60	30	17	136	29	8	8	2	2	184	55	27	17	11	5	87	17	51	15	36	21	20	8	2	2	2.224455446	1.701732673	2.638663366	3.703465347	0.534055447	0.615426091	0.649610629	0.406993999	1	1
Troncais	368	9	1	Troncais91	supra 	0.862216604	212	57	9	6	175	46	47	14	112	20	15	3	1	1	190	51	56	19	14	5	92	12	50	16	28	11	29	12	3	2	2.234575472	1.572641509	2.677216981	4.59009434	0.488547428	0.612810382	0.75775411	0.499912156	2	2
Troncais	368	9	2	Troncais92	intra.sup	0.894842216	198	59	19	8	123	47	44	16	75	18	2	2	0	0	189	53	50	21	7	4	53	8	58	11	48	21	33	16	4	3	2.267676768	1.568939394	2.797272727	5.726767677	0.67205484	0.557013472	0.748039518	0.722862722	0	0
Troncais	368	9	3	Troncais93	intra.inf	0.560152025	118	55	14	7	81	44	22	11	62	22	8	4	4	2	106	48	22	10	7	4	34	11	32	13	28	16	17	11	2	2	2.294661017	1.520847458	2.771355932	5.555084746	0.662899904	0.573123119	0.777636598	0.701897059	0	0
Troncais	368	9	4	Troncais94	infra 	0.794968051	155	47	4	3	99	39	25	6	113	22	5	5	3	2	143	38	13	6	9	5	71	11	38	10	25	15	13	6	2	2	2.153806452	1.720774194	2.545354839	3.682258065	0.468570869	0.686467263	0.517632451	0.3874692	0	0
Vierzon	81	11	1	Vierzon111	supra 	1	338	70	24	8	245	55	25	10	170	26	11	5	4	4	324	62	80	18	3	3	132	17	103	19	57	11	41	19	2	2	2.264408284	1.531213018	2.681538462	4.390828402	0.396638921	0.344347198	0.738863652	0.518368154	8	5
Vierzon	81	11	2	Vierzon112	intra.sup	0.884609958	604	80	25	8	487	68	52	21	239	29	12	6	5	3	586	73	195	23	7	2	150	16	177	22	191	19	78	20	0	0	2.359354305	1.525695364	2.84294702	7.127980132	0.352945095	0.324191528	0.778000962	0.886453575	1	1
Vierzon	81	11	3	Vierzon113	intra.inf	1	230	54	10	5	135	45	30	17	175	24	5	3	7	4	219	50	36	17	9	2	117	14	59	10	25	16	17	10	0	0	2.244130435	1.632565217	2.722	3.817826087	0.396938449	0.521733472	0.664249278	0.448560227	0	0
Vierzon	81	11	4	Vierzon114	infra 	1	179	60	3	2	127	52	26	17	137	27	15	5	6	3	159	53	22	14	5	2	80	14	48	12	31	21	16	12	0	0	2.284692737	1.597206704	2.57301676	4.358659218	0.372569958	0.456413092	0.691354639	0.562419453	0	0
Vierzon	22	12	1	Vierzon121	supra 	0.862216604	274	58	31	6	198	46	42	8	126	15	14	2	4	1	257	54	65	14	3	2	93	10	82	20	43	13	51	12	1	1	2.089525547	1.576824818	2.476861314	4.671167883	0.461754944	0.684383303	0.813299628	0.519565351	8	3
Vierzon	22	12	2	Vierzon122	intra.sup	0.686515322	332	71	25	7	260	60	42	20	219	24	12	5	2	1	316	63	48	20	4	3	81	13	153	14	39	19	54	22	2	2	2.225120482	1.58313253	2.519698795	4.600301205	0.363242311	0.502717216	0.757040977	0.555374442	1	1
Vierzon	22	12	3	Vierzon123	intra.inf	0.722712604	335	42	8	4	291	34	19	11	289	21	2	2	2	1	330	38	12	8	3	2	50	11	246	7	13	10	24	13	1	1	2.267940299	1.565492537	2.233044776	3.02119403	0.176147777	0.330474212	0.454235862	0.188570422	0	0
Vierzon	22	12	4	Vierzon124	infra 	1	392	56	5	5	344	47	32	15	307	19	2	2	7	6	385	51	10	8	6	4	67	9	278	16	10	9	28	15	2	2	2.25375	1.608341837	2.211760204	3.152295918	0.212132449	0.458336501	0.409231313	0.210142809	1	1
Vierzon	63	13	1	Vierzon131	supra 	1	409	64	29	7	329	52	51	15	185	20	19	4	5	4	383	57	87	21	7	3	145	11	135	20	72	15	49	14	3	2	2.280684597	1.509413203	2.555183374	5.542542787	0.517824001	0.454043891	0.768127904	0.692755199	1	1
Vierzon	63	13	2	Vierzon132	intra.sup	0.884609958	386	77	17	7	342	65	46	16	144	29	17	8	20	4	360	67	96	23	9	2	108	16	95	16	91	20	69	21	1	1	2.356580311	1.489974093	2.611943005	6.926165803	0.574866141	0.401975412	0.830669526	0.815178355	0	0
Vierzon	63	13	3	Vierzon133	intra.inf	0.565167036	118	33	6	4	89	26	9	5	67	17	3	2	15	4	114	30	13	6	2	2	26	7	55	8	16	9	7	5	0	0	2.284152542	1.574576271	2.360169492	4.587288136	0.417855742	0.551257744	0.781684246	0.522376852	0	0
Vierzon	63	13	4	Vierzon134	infra 	0.7195801	93	34	13	4	64	27	4	4	34	11	3	2	2	1	89	31	6	5	1	1	11	6	60	12	9	7	10	7	0	0	2.284731183	1.443010753	2.255053763	4.683870968	0.526216617	0.46046719	0.501586531	0.484828947	0	0
Vierzon	71	14	1	Vierzon141	supra 	1	205	65	8	5	157	54	36	11	106	25	11	4	5	4	191	59	45	16	3	2	80	13	49	20	42	13	25	12	1	1	2.141219512	1.600487805	2.687463415	4.182926829	0.489603812	0.580084713	0.756230654	0.466374462	14	8
Vierzon	71	14	2	Vierzon142	intra.sup	1	455	76	42	8	357	61	101	20	162	28	14	6	3	2	430	67	137	26	12	4	114	16	60	19	97	20	172	17	2	2	2.251714286	1.653846154	3.042923077	6.820879121	0.440457935	0.797357036	0.687525118	0.717380527	3	3
Vierzon	71	14	3	Vierzon143	intra.inf	1	391	84	28	6	184	70	97	30	260	32	19	9	6	3	367	73	84	24	8	3	211	21	28	13	69	27	75	20	1	1	2.283682864	1.719309463	2.996521739	4.16112532	0.510736444	0.595942664	0.65449235	0.504203409	2	2
Vierzon	71	14	4	Vierzon144	infra 	1	203	51	4	4	142	44	85	17	144	26	16	6	4	3	184	44	24	9	3	1	85	15	26	12	63	12	25	10	0	0	2.437832512	1.732758621	3.058128079	3.922167488	0.562241006	0.645589651	0.88693879	0.366901863	1	1
Vierzon	170	15	1	Vierzon151	supra 	0.701037346	120	41	5	4	97	33	26	7	49	16	3	3	3	1	113	35	45	10	4	3	40	10	23	11	16	8	37	9	3	2	2.258083333	1.652916667	2.879	4.999166667	0.430816253	0.804729828	0.748850199	0.499859074	4	3
Vierzon	170	15	2	Vierzon152	intra.sup	1	282	85	30	9	221	70	42	19	67	28	5	3	5	3	275	80	84	27	3	3	44	12	88	24	64	22	80	23	1	1	2.179716312	1.460106383	2.666702128	7.45141844	0.608308059	0.574906264	0.873435684	0.73528951	2	2
Vierzon	170	15	3	Vierzon153	intra.inf	0.87468094	127	61	7	6	82	49	32	15	69	25	9	5	7	6	115	54	32	17	3	2	53	15	23	12	31	17	15	13	1	1	2.166456693	1.686614173	2.74511811	4.333070866	0.44716903	0.696797164	0.800340655	0.475558137	1	1
Vierzon	170	15	4	Vierzon154	infra 	1	91	51	2	2	72	44	18	12	43	18	5	2	5	2	82	47	17	14	5	3	28	9	20	11	20	14	18	14	1	1	2.259450549	1.643076923	2.575934066	5.062637363	0.567980202	0.626822136	0.764720163	0.537341565	0	0
Vierzon	179	16	1	Vierzon161	supra 	1	267	60	30	7	210	47	44	11	89	17	6	2	1	1	259	56	100	16	2	2	79	12	98	20	46	11	42	15	1	1	2.213670412	1.529213483	2.54835206	7.758426966	0.423837609	0.669874267	0.815179056	0.999249013	6	3
Vierzon	179	16	2	Vierzon162	intra.sup	1	689	74	62	7	572	64	95	17	158	20	12	3	13	4	668	70	273	24	11	2	92	11	240	23	241	20	98	17	0	0	2.43275762	1.419375907	2.77065312	9.688098694	0.494094305	0.50412115	0.893903878	0.95322698	6	5
Vierzon	179	16	3	Vierzon163	intra.inf	0.5868013	120	44	27	4	66	36	26	14	54	18	4	3	7	2	111	37	48	17	6	4	42	10	18	9	17	13	36	8	4	3	2.182416667	1.652916667	2.910833333	4.3525	0.487673104	0.69274798	0.751739235	0.422810018	1	1
Vierzon	179	16	4	Vierzon164	infra 	1	260	82	21	8	187	69	50	24	134	25	8	6	10	5	246	73	43	23	7	3	88	19	83	15	41	26	38	17	6	3	2.311153846	1.651538462	2.631346154	4.830769231	0.478128945	0.729048971	0.84087211	0.606351144	4	4
Vierzon	236	17	1	Vierzon171	supra 	0.862216604	706	68	24	6	650	58	53	19	490	19	5	3	5	3	691	64	88	23	10	1	59	9	480	18	53	17	104	23	0	0	2.306628895	1.548441926	2.349447592	4.456232295	0.171676177	0.342503592	0.650536748	0.5130913	5	5
Vierzon	236	17	2	Vierzon172	intra.sup	0.894842216	522	65	11	6	473	54	51	19	389	22	6	3	3	2	509	60	61	21	7	2	57	12	353	14	54	19	50	18	1	1	2.308793103	1.528256705	2.360019157	4.27394636	0.211188066	0.272333582	0.626499886	0.49064654	1	1
Vierzon	236	17	3	Vierzon173	intra.inf	0.848031664	519	75	30	7	429	64	59	16	390	29	12	8	7	4	498	63	68	22	9	4	88	16	300	16	65	21	54	16	3	3	2.288285164	1.53628131	2.436396917	3.752023121	0.284716949	0.329734268	0.71282725	0.357234779	1	1
Vierzon	236	17	4	Vierzon174	infra 	1	362	59	3	3	320	51	28	14	297	26	11	6	5	3	345	50	17	12	4	1	69	16	235	12	32	13	20	15	1	1	2.317928177	1.579254144	2.294972376	3.316022099	0.244478639	0.39256027	0.539030041	0.258295067	0	0
Vierzon	249	18	1	Vierzon181	supra 	1	175	41	14	3	126	34	33	7	92	15	8	3	3	2	160	37	49	12	7	1	70	10	47	13	23	9	27	7	0	0	2.202685714	1.551142857	2.653314286	3.781142857	0.422057451	0.504795554	0.826376329	0.37714147	7	4
Vierzon	249	18	2	Vierzon182	intra.sup	1	421	86	72	10	316	69	109	20	126	26	15	6	3	3	395	76	155	27	11	4	99	16	94	22	114	25	103	19	3	3	2.228646081	1.454038005	2.788669834	8.064845606	0.679191335	0.595079928	0.924032436	0.895640332	4	4
Vierzon	249	18	3	Vierzon183	intra.inf	0.71212036	121	43	9	4	90	36	44	13	36	14	5	4	1	1	109	36	42	14	5	3	26	8	25	9	35	14	28	9	4	2	2.352231405	1.578099174	3.001900826	7.51322314	0.584921008	0.660318915	0.771710601	0.883035819	1	1
Vierzon	249	18	4	Vierzon184	infra 	1	233	67	19	4	167	57	54	20	110	30	15	10	5	3	213	56	58	20	8	2	87	22	43	12	58	20	37	11	0	0	2.245793991	1.659527897	2.7672103	4.596137339	0.566553292	0.700284953	0.818212116	0.515894076	1	1
Vierzon	270	19	1	Vierzon191	supra 	1	375	71	31	7	313	58	77	15	80	20	7	5	1	1	359	64	187	22	10	3	59	13	77	24	133	17	95	13	1	1	2.327333333	1.564	2.982346667	7.950133333	0.436791494	0.608042174	0.816388463	0.819335232	6	5
Vierzon	270	19	2	Vierzon192	intra.sup	1	171	54	13	6	128	43	49	16	69	19	6	3	4	3	153	50	70	17	14	2	47	12	21	10	57	15	31	14	0	0	2.416900585	1.54619883	2.995263158	7.11871345	0.476955664	0.539066697	0.754290488	0.886357624	1	1
Vierzon	270	19	3	Vierzon193	intra.inf	0.905715539	114	36	14	2	63	30	45	17	65	18	2	2	16	3	109	32	27	9	12	3	46	10	18	7	21	9	15	6	1	1	2.444210526	1.702105263	2.977105263	4.703508772	0.574447945	0.718667313	0.789930803	0.527863217	0	0
Vierzon	270	19	4	Vierzon194	infra 	1	114	45	8	4	71	38	35	16	62	14	2	2	4	2	106	42	20	10	9	2	44	9	24	10	20	14	17	10	0	0	2.276929825	1.739561404	2.889912281	3.950877193	0.515890847	0.784366377	0.735955793	0.38430447	0	0
Vierzon	290	20	1	Vierzon201	supra 	1	196	60	13	5	169	51	38	12	77	19	12	4	0	0	174	53	70	22	10	3	56	11	48	18	35	14	47	14	2	2	2.282755102	1.446938776	2.704438776	6.451020408	0.590357854	0.451218334	0.847199951	0.742295171	4	3
Vierzon	290	20	2	Vierzon202	intra.sup	1	232	67	32	9	187	54	49	16	109	22	12	5	1	1	211	61	53	22	10	2	84	11	45	20	33	15	60	19	0	0	2.225689655	1.48125	2.520646552	5.890086207	0.60052833	0.636981626	0.835446642	0.650499797	0	0
Vierzon	290	20	3	Vierzon203	intra.inf	1	135	57	15	8	85	45	32	17	63	19	6	5	5	3	120	49	35	18	9	4	48	12	22	12	24	14	31	15	3	2	2.265777778	1.623703704	2.694296296	5.222962963	0.627401351	0.643166046	0.828136141	0.593437328	0	0
Vierzon	290	20	4	Vierzon204	infra 	1	126	49	10	5	90	41	27	10	67	21	12	4	0	0	107	44	22	10	7	1	52	12	29	13	13	8	25	15	0	0	2.241111111	1.608968254	2.645555556	5.011111111	0.641934616	0.761630363	0.791513708	0.573971751	0	0
