LOCA	num.tree2	num.trap	parcelle	idtrap	strate	Cis.boleti	Mycetochara.maura	Quedius.dilatatus	Anaspis.garneysi	Anaspis.regimbarti	Ischnomera.caerulea	Dicerca.alni	Ampedus.sanguinolentus	Sulcacis.nitidus	Dissoleucas.niveirostris	Valgus.hemipterus	Sulcacis.fronticornis	Variimorda.villosa	Plagionotus.detritus	Mordella.brachyura	Orthocis.lucasi	Rhizophagus.fenestralis	Pseudeuparius.sepicola	Agrilus.hastulifer	Agrilus.obscuricollis	Scolytus.carpini	Phloiotrya.tenuis	Dromaeolus.barnabita	Synchita.undata	Isorhipis.melasoides	Isorhipis.marmottani	Leiopus.femoratus	Xylotrechus.antilope	Triplax.lepida	Cis.pygmaeus	Gnorimus.nobilis	Agrilus.laticornis	Anaspis.maculata	Dendrophilus.punctatus	Rhaphitropis.oxyacanthae	Agrilus.olivicolor	Anthaxia.ignipennis	Poecilium.rufipes	Dasytes.aeratus	Paratillus.carus	Ampedus.rufipennis	Attagenus.punctatus	Bitoma.crenata	Cis.comptus	Cis.fusciclavis	Cis.rugulosus	Dermestes.bicolor	Diplocoelus.fagi	Dorcatoma.minor	Eidophelus.fagi	Hemicoelus.costatus	Leptura.aurulenta	Lichenophanes.varius	Melandrya.caraboides	Mycetophagus.fulvicollis	Nematodes.filum	Platysoma.compressum	Plegaderus.dissectus	Rhagium.mordax	Rhizophagus.perforatus	Stictoleptura.scutellata	Symbiotes.gibberosus	Synchita.separanda	Taphrorychus.bicolor	Tillus.elongatus	Melasis.buprestoides	Anaglyptus.mysticus	Dorcatoma.substriata	Eucnemis.capucina	Gnathoncus.buyssoni	Xylotrechus.arvicola	Ampedus.quercicola	Anaspis.lurida	Cerambyx.scopolii	Cerylon.fagi	Dasytes.caeruleus	Endophloeus.markovichianus	Gasterocercus.depressirostris	Hemicoelus.fulvicornis	Lucanus.cervus	Melandrya.barbata	Potosia.fieberi	Ptinomorphus.imperialis	Allecula.rhenana	Mycetophagus.populi	Triplax.rufipes	Stenocorus.meridianus	Mycetophagus.multipunctatus	Ptilinus.pectinicornis	Triplax.russica	Necydalis.ulmi	Hylesinus.crenatus	Hylesinus.wachtli	Anobium.hederae	Anobium.inexspectatum	Choragus.sheppardi	Kissophagus.vicinus	Mesocoelopus.niger	Globicornis.fasciata	Mordellistena.variegata	Variimorda.mendax	Scolytus.rugulosus	Alphitophagus.bifasciatus	Hololepta.plana	Trypophloeus.granulatus	Abdera.biflexuosa	Aspidiphorus.lareyniei	Obrium.cantharinum	Euglenes.oculatus	Cerylon.deplanatum	Hoshihananomia.gacognei	Trypophloeus.binodulus	Mordellistena.neuwaldeggiana	Lathropus.sepicola	Aegomorphus.francottei	Agrilus.angustulus	Agrilus.sulcicollis	Anaspis.fasciata	Atomaria.analis	Cartodere.bifasciata	Cerambyx.cerdo	Cetonia.aurata	Cetonischema.speciosissima	Chrysobothris.affinis	Cis.striatulus	Cis.vestitus	Cis.villosulus	Clerus.mutillarius	Clytus.tropicus	Conopalpus.brevicollis	Coraebus.undatus	Cortodera.humeralis	Cryptarcha.strigata	Cryptarcha.undata	Cryptophilus.integer	Cyclorhipidion.bodoanum	Dasytes.nigrocyaneus	Dasytes.pauperculus	Deroplia.genei	Dorcatoma.androgyna	Dorcatoma.chrysomelina	Dryocoetes.villosus	Eulagius.filicornis	Exocentrus.adspersus	Gastrallus.immarginatus	Gnathoncus.rotundatus	Grammoptera.abdominalis	Grammoptera.ruficornis	Hedobia.pubescens	Lymexylon.navale	Melanopsacus.grenieri	Microrhagus.pyrenaeus	Mycetophagus.piceus	Notolaemus.unifasciatus	Orchesia.undulata	Orthocis.alni	Oxylaemus.cylindricus	Oxylaemus.variolosus	Pedostrangalia.revestita	Pentaphyllus.testaceus	Phaeochrotes.pudens	Platypus.cylindrus	Poecilium.alni	Poecilium.pusillum	Potosia.cuprea	Pseudosphegesthes.cinerea	Pyrrhidium.sanguineum	Rhagium.sycophanta	Ropalopus.femoratus	Salpingus.tapirus	Scolytus.intricatus	Soronia.oblonga	Taphrorychus.villifrons	Teredus.cylindricus	Tomoxia.bucephala	Tribolium.castaneum	Trichoferus.pallidus	Trox.scaber	Xyleborus.monographus	Xylopertha.retusa	Dorcus.parallelipipedus	Leiopus.linnei	Platystomos.albinus	Phymatodes.testaceus	Mesosa.nebulosa	Ampedus.nigerrimus	Meliboeus.fulgidicollis	Xyleborus.dryographus	Agrilus.graminis	Brachygonus.ruficeps	Chlorophorus.glabromaculatus	Brachygonus.megerlei	Calambus.bipustulatus	Cariderus.aeneus	Colydium.elongatum	Conopalpus.testaceus	Cryptolestes.duplicatus	Hyperisus.plumbeum	Procraerus.tibialis	Tritoma.bipustulata	Trypodendron.signatum	Lissodema.denticolle	Anoplodera.rufipes	Tropideres.albirostris	Vincenzellus.ruficollis	Callimus.angulatus	Plagionotus.arcuatus	Oligomerus.brunneus	Abdera.quadrifasciata	Hemicrepidius.hirtus	Silvanus.unidentatus	Symbiotes.latus	Anisoxya.fuscula	Gastrallus.laevigatus	Gnathoncus.communis	Orthocis.coluber	Xestobium.rufovillosum	Mesosa.curculionoides	Scraptia.fuscula	Pogonocherus.hispidus	Brachygonus.bouyoni	Sulcacis.bidentulus	Ampedus.pomonae	Abraeus.roubali	Agrilus.viridis	Soronia.grisea	Agrilus.cinctus	Phloeotribus.rhododactylus	Phloeotribus.sharpi	Colobicus.hirtus	Eidophelus.caucasicus	Ernoporus.tiliae	Hylastinus.obscurus	Scolytus.pygmaeus	Scolytus.scolytus	Hemicoelus.canaliculatus	Ctesias.serra	Ennearthron.cornutum	Opilo.mollis	Anaspis.frontalis	Anaspis.flava	Attagenus.pellio	Placonotus.testaceus	Aspidiphorus.orbiculatus	Monotoma.longicollis	Globicornis.nigripes	Clytus.arietis	Cerylon.ferrugineum	Dacne.bipustulata	Dorcatoma.setosella	Hylis.olexai	Latridius.hirtus	Megatoma.undata	Platycerus.caraboides	Prionocyphon.serricornis	Aulonothroscus.brevicollis	Cis.micans	Monotoma.picipes	Rutpela.maculata	Stenagostus.rhombeus	Salpingus.planirostris	Salpingus.ruficollis	Rhizophagus.bipustulatus	Litargus.connexus	Cerylon.histeroides	Opilo.pallidus	Pyrochroa.coccinea	Tenebroides.fuscus	Anthrenus.fuscus	Anthrenus.pimpinellae	Attagenus.unicolor	Carcinops.pumilio	Cryptolestes.pusillus	Nacerdes.carniolica	Alphitobius.diaperinus	Gnathoncus.nidorum	Palorus.depressus	Ampedus.elongatulus	Anisandrus.dispar	Cardiophorus.vestigialis	Lygistopterus.sanguineus	Paromalus.flavicornis	Pycnomerus.terebrans	Xylosandrus.germanus	Liocola.marmorata	Platydema.violacea	Ampedus.pomorum	Coxelus.pictus	Melanotus.villosus	Nemozoma.elongatum	Corticeus.suberis	Aplocnemus.impressus	Tilloidea.unifasciata	Anthrenus.scrophulariae	Xyleborinus.saxesenii	Cis.festivus	Ampedus.balteatus	Ahasverus.advena	Gonodera.luperus	Typhaea.stercorea	Uleiota.planatus	Rhopalodontus.perforatus	Cryptolestes.ferrugineus	Prionychus.fairmairii	Silvanoprus.fagi	Cartodere.constricta	Dermestes.lardarius	Dermestes.murinus	Dermestes.undulatus	Allonyx.quadrimaculatus	Hylis.simonae	Eucinetus.haemorrhoidalis	Dermestes.mustelinus	Leptophloeus.alternans	Pediacus.dermestoides	Clambus.simsoni	Aulonium.ruficorne	Nalassus.laevioctostriatus	Anthribus.nebulosus	Cartodere.delamarei	Monotoma.bicolor	Psilothrix.viridicoerulea	Tolida.artemisiae	Ipidia.binotata	Berginus.tamarisci	Cryptolestes.corticinus	Allandrus.therondi	Thanasimus.formicarius	Rhagium.bifasciatum	Anaspis.sp.	Anthrenus.sp.	Aplocnemus.sp.	Attagenus.sp.	CLAMBIDAE	Clambus.sp.	Colydium.noblecourti	Corticariinae	CORYLOPHIDAE	Cryptolestes.sp.	Enicmus.sp.	Epuraea.sp.	Malthininae	Phloeotribus.sp.	PTILIIDAE	Rhizophagus.sp.	Stagetus.sp.	Symbiotes.sp.	Thanasimus.sp.	Xyletinus.sp.
Troncais	1	1	19	Troncais11	supra	1	0	0	0	0	0	0	0	0	0	0	0	0	0	1	0	0	0	2	0	0	0	0	0	0	0	0	5	0	1	0	1	1	0	1	0	0	0	2	0	0	0	2	0	0	0	0	0	0	0	0	0	1	0	0	0	1	0	0	0	2	1	0	4	0	0	0	0	0	0	0	0	1	0	0	0	1	0	0	0	0	2	0	0	0	0	0	0	0	0	0	0	0	0	0	0	0	0	0	0	0	0	0	0	0	3	0	0	0	0	0	0	0	0	0	1	0	11	0	0	0	1	1	1	4	0	0	9	0	0	0	1	0	0	0	14	0	5	0	0	0	0	18	0	1	0	0	0	5	0	0	0	0	0	0	0	0	0	0	0	0	0	2	1	0	4	1	0	1	0	1	0	0	0	0	0	0	0	2	0	0	0	0	0	1	0	0	0	2	0	4	1	0	0	0	0	0	1	0	0	0	0	0	0	0	0	0	0	0	0	0	0	0	3	0	2	0	0	0	0	0	0	0	0	0	0	0	0	0	1	0	0	0	0	0	0	0	0	1	0	0	0	0	0	0	0	0	0	0	0	0	0	5	1	0	0	0	0	0	0	0	0	0	4	0	0	0	0	0	0	0	0	0	0	1	0	0	0	0	0	13	0	0	0	0	0	0	0	1	0	0	0	2	0	10	0	0	0	0	1	0	0	1	0	0	0	0	0	0	0	0	1	0	0	0	0	0	0	1	0	0	0	0	0	12	0	2	0	0	0	0	0	0	0	0	0	16	3	0	5	0	0	0	0	0	0	0	0	0
Troncais	1	2	19	Troncais12	intra.sup	0	1	0	0	1	0	0	0	0	0	0	0	0	0	0	1	0	0	2	0	0	3	3	0	0	0	0	14	0	2	0	1	2	0	5	0	0	0	7	0	0	0	0	0	0	0	1	1	0	0	0	0	0	0	0	1	1	0	0	0	2	0	0	0	0	5	0	0	0	0	0	0	1	0	0	0	0	0	0	0	0	11	0	0	0	0	0	0	0	0	0	0	0	0	0	0	0	0	0	0	0	0	0	0	0	2	0	0	0	0	0	0	0	0	0	0	0	2	0	0	0	3	8	12	7	0	0	19	2	0	0	0	6	6	1	32	1	30	0	0	0	0	18	1	0	0	0	0	0	0	0	0	0	0	0	0	0	0	0	0	2	0	1	0	1	5	26	0	1	0	3	0	0	0	4	1	11	0	4	0	0	0	3	2	1	0	0	1	0	0	1	0	0	0	0	0	0	0	0	0	0	0	0	14	0	0	0	1	2	0	0	0	0	3	0	0	0	0	0	0	0	0	0	0	0	0	0	1	0	2	0	0	0	0	0	0	0	0	11	0	0	0	0	0	0	0	1	0	3	0	0	0	4	0	0	0	0	0	0	1	0	0	0	5	1	0	0	0	0	1	0	2	0	0	0	1	0	0	3	0	4	0	0	0	0	0	2	0	1	0	0	0	2	2	15	0	0	0	0	0	1	0	0	1	0	0	0	0	0	0	0	0	0	0	2	0	0	0	0	0	0	0	0	0	5	0	0	0	0	0	0	0	0	0	0	0	18	0	0	22	1	0	0	0	0	0	0	0	0
Troncais	1	3	19	Troncais13	intra.inf	0	12	0	0	1	0	0	0	0	0	0	0	0	0	0	0	0	0	0	1	2	1	2	0	0	0	0	2	0	1	0	1	2	1	1	0	0	0	1	0	0	0	0	0	0	0	0	5	0	0	0	0	1	0	0	0	0	0	0	0	0	2	0	35	0	0	0	0	0	0	0	0	0	0	0	0	0	13	0	0	0	1	0	0	1	0	0	0	0	11	0	0	0	0	0	0	0	1	0	0	0	0	0	0	0	3	0	0	0	0	0	0	0	0	0	0	0	5	0	0	0	0	4	0	0	0	0	14	0	0	0	0	1	1	0	10	0	8	0	0	0	0	2	0	1	0	0	0	0	0	0	0	0	0	0	0	0	0	0	0	0	0	1	0	0	1	0	1	0	0	13	0	4	0	3	0	0	0	4	0	0	0	0	0	1	0	0	0	1	0	0	3	4	0	1	1	1	1	0	1	0	0	0	0	0	0	0	0	1	0	0	0	0	2	0	0	0	0	0	0	0	0	0	0	0	0	0	0	0	0	0	0	1	0	0	0	0	1	2	0	0	1	2	0	0	1	0	0	0	0	0	1	2	0	0	0	0	0	0	0	0	0	0	1	0	0	0	1	0	0	0	0	0	0	0	5	0	0	3	0	0	0	0	0	0	0	0	0	5	1	0	0	0	0	11	0	0	0	0	0	0	0	0	3	0	0	0	0	0	0	0	0	0	0	0	0	0	0	0	0	0	0	0	0	0	0	0	0	0	3	0	0	0	0	0	0	23	2	0	28	0	0	0	0	0	0	0	0	0
Troncais	1	4	19	Troncais14	infra	0	0	0	0	0	0	0	0	0	0	0	0	0	0	0	0	0	0	0	0	6	0	0	0	2	0	0	2	0	0	0	0	2	0	0	3	0	0	2	0	0	1	0	0	0	0	0	3	0	1	1	0	0	0	0	0	0	0	0	0	0	1	0	115	0	1	0	0	0	1	0	0	0	0	0	0	0	1	0	0	0	0	0	0	0	1	0	0	0	2	0	0	0	0	0	1	0	0	0	0	0	1	0	0	0	0	1	0	0	0	0	0	0	0	0	0	0	1	0	0	0	0	0	0	0	0	0	9	0	0	0	0	1	0	0	6	0	6	0	3	0	0	1	0	7	0	0	0	0	0	0	0	0	0	0	0	0	0	0	0	0	1	1	0	0	0	0	0	0	1	9	0	0	0	5	0	1	0	0	0	0	0	1	0	0	0	0	0	0	0	0	0	0	0	0	0	0	1	0	0	0	1	0	0	0	0	0	0	0	1	0	0	0	1	0	0	0	0	0	0	0	0	0	0	0	0	0	0	0	2	0	0	0	0	0	0	0	0	1	0	0	0	0	0	0	0	0	0	0	0	0	0	2	0	0	0	1	0	0	0	0	0	0	1	0	0	0	0	0	0	0	0	0	0	0	2	0	0	0	0	0	0	1	0	0	0	0	0	0	2	0	0	0	0	7	0	0	0	0	0	0	0	0	0	0	0	0	0	0	0	0	0	0	0	0	0	0	1	0	0	0	0	0	0	0	0	0	0	0	0	0	0	0	0	0	0	12	2	0	23	0	0	0	0	0	0	0	0	0
Troncais	2	1	43	Troncais21	supra	0	0	0	0	3	1	0	0	0	0	0	0	0	0	0	0	0	1	0	0	0	0	0	0	0	0	0	3	0	3	0	0	1	0	0	0	0	0	7	0	0	3	0	0	0	0	0	0	0	0	0	0	0	0	0	0	1	0	0	0	0	0	0	0	0	0	0	0	0	0	0	2	1	1	0	0	0	0	0	0	0	0	0	0	0	0	0	0	0	0	0	0	0	0	0	0	0	0	1	0	0	0	0	0	0	7	0	0	0	0	0	0	0	0	0	0	0	6	0	0	0	3	0	1	16	0	0	20	3	0	0	0	2	0	0	4	2	15	0	0	0	0	0	0	0	0	0	0	0	0	0	0	0	0	0	0	0	0	0	0	0	0	8	1	0	0	4	0	0	0	4	0	5	0	0	0	0	0	12	2	0	0	2	2	4	0	0	2	0	0	0	0	0	0	0	0	1	0	0	0	0	0	0	1	0	0	0	0	0	0	0	0	0	1	0	1	0	0	0	0	0	0	0	0	0	0	0	0	0	0	0	0	5	0	0	0	0	0	0	0	0	0	0	0	0	0	2	1	1	0	0	0	15	1	0	0	0	0	0	0	0	0	0	3	0	0	0	0	0	1	0	0	0	0	0	0	0	0	0	0	1	0	0	0	0	0	0	0	0	0	0	0	2	0	2	0	0	0	0	0	1	0	0	0	0	0	0	0	0	0	0	0	0	0	0	0	0	0	0	0	0	0	0	0	24	0	0	0	2	0	0	0	0	0	0	0	12	0	0	0	0	0	0	0	0	0	1	0	0
Troncais	2	2	43	Troncais22	intra.sup	0	0	0	0	2	0	0	0	0	0	1	0	0	0	0	0	0	0	1	0	0	0	0	0	0	0	0	1	0	0	0	0	1	0	0	0	0	0	2	0	0	0	1	0	0	0	1	0	0	0	0	0	0	0	0	0	0	0	0	0	0	0	0	0	0	0	0	0	0	0	0	0	0	0	0	0	0	0	0	0	0	1	0	0	0	0	0	0	0	0	0	0	0	0	0	0	0	0	0	0	0	0	0	0	0	2	0	0	0	0	0	0	0	0	0	0	0	3	0	0	0	0	0	0	4	0	0	1	0	0	0	0	0	0	0	1	0	13	0	0	0	0	0	0	0	0	0	0	0	0	0	0	0	0	0	0	0	0	0	0	0	0	0	1	0	0	5	0	0	0	1	0	0	0	4	1	0	0	3	1	0	1	1	0	0	0	0	0	0	0	0	0	0	0	0	0	0	0	0	0	0	0	0	1	0	0	0	0	0	0	0	0	0	0	0	1	0	0	0	0	0	0	0	0	0	0	0	0	0	0	0	0	2	0	0	0	0	0	0	0	0	0	0	0	0	0	0	1	0	0	0	0	11	0	0	0	0	0	0	0	0	0	0	0	0	0	0	0	0	0	0	0	0	0	0	0	0	1	0	0	0	0	0	0	0	0	0	0	0	0	0	0	0	0	0	0	0	0	0	0	2	0	0	0	0	0	0	0	0	0	0	0	0	0	0	0	0	0	0	0	0	0	0	0	8	1	0	0	0	2	0	0	0	0	0	0	8	0	0	0	0	0	0	0	0	0	0	0	0
Troncais	2	3	43	Troncais23	intra.inf	0	2	0	0	3	1	0	0	0	0	0	0	0	0	0	0	0	0	0	0	0	0	0	0	0	0	0	0	0	0	0	1	0	0	0	0	0	0	1	0	0	0	0	0	0	0	0	0	0	2	0	0	0	0	0	0	0	0	0	0	0	2	0	0	0	1	0	1	0	3	0	0	1	0	0	0	0	2	0	0	0	0	1	0	0	0	0	0	0	2	0	0	0	0	0	0	1	1	0	0	0	0	0	0	0	0	0	0	0	0	0	0	0	0	0	0	0	2	0	0	0	0	0	0	0	0	0	0	1	0	0	0	1	0	0	1	1	6	0	0	0	0	9	0	0	1	0	0	1	0	0	0	0	0	0	1	0	0	0	0	0	0	0	2	0	0	0	0	0	0	40	0	6	0	0	0	0	0	10	0	0	0	0	4	0	0	0	0	0	1	0	1	0	0	0	0	1	1	0	0	0	0	0	0	0	0	0	0	2	0	0	0	0	2	0	0	0	0	0	0	1	0	0	0	0	0	0	0	0	1	0	0	2	0	0	0	0	0	1	0	0	0	0	0	0	0	1	0	1	0	0	0	6	0	1	1	0	0	0	0	0	0	0	2	0	0	0	0	0	0	0	0	0	0	0	0	0	0	0	0	0	0	0	0	0	0	0	0	2	0	0	0	0	0	1	0	0	0	0	0	0	0	0	0	0	0	0	0	0	0	0	0	0	0	0	0	0	0	0	0	0	0	0	0	0	0	0	0	0	1	0	0	0	0	0	0	15	0	0	21	0	0	0	0	0	0	0	0	0
Troncais	2	4	43	Troncais24	infra	0	1	0	0	0	0	0	0	0	0	0	0	0	0	0	0	0	0	0	0	5	0	0	0	2	1	0	0	0	0	0	0	1	0	0	0	0	0	2	0	0	1	0	0	4	0	0	0	0	0	0	0	0	0	1	0	0	0	0	1	0	1	0	9	0	0	0	0	0	0	0	1	0	0	0	0	0	0	0	0	1	1	0	0	0	0	0	0	2	1	0	0	0	0	1	0	0	0	0	0	0	0	0	0	0	0	0	0	0	0	0	0	0	0	0	0	0	0	0	0	0	0	0	0	1	0	0	0	0	0	0	0	0	0	0	0	0	0	0	0	0	1	2	0	0	0	0	0	0	0	0	0	0	0	0	0	0	0	0	1	0	0	0	0	0	0	0	1	0	0	1	0	13	0	0	0	0	0	2	0	0	0	2	1	0	0	0	1	0	0	0	0	1	0	0	0	0	1	0	0	0	0	0	0	0	0	0	0	0	0	0	0	0	0	0	0	0	0	0	0	0	0	0	0	0	0	0	0	0	0	0	0	0	0	0	0	0	0	0	0	1	1	0	0	0	0	0	1	1	0	0	3	4	0	0	0	4	0	0	0	0	0	1	0	1	0	0	1	0	0	0	0	0	0	0	1	0	1	0	0	0	0	2	0	0	0	1	0	0	0	0	0	0	0	2	0	0	0	0	0	0	0	0	0	0	0	0	0	0	0	0	0	0	0	0	0	0	0	0	0	0	0	0	0	0	0	0	0	0	0	0	0	0	0	0	0	14	2	0	6	0	0	0	1	0	0	0	0	0
Troncais	3	1	118	Troncais31	supra	0	0	0	0	0	0	0	0	0	0	0	0	0	0	0	0	0	0	0	0	0	0	0	0	0	0	0	1	0	2	0	0	5	0	0	0	0	0	3	0	0	0	1	0	0	0	0	0	0	0	0	0	0	0	0	0	0	0	0	0	0	0	0	1	0	0	0	0	0	0	0	0	0	4	0	0	0	0	0	0	0	2	0	0	0	0	0	0	0	0	0	0	0	0	0	0	0	0	0	0	0	0	0	0	0	0	0	0	0	0	0	0	0	1	0	0	0	8	0	0	0	1	0	0	13	0	0	3	0	0	0	0	0	0	0	22	1	8	1	0	0	0	10	0	0	0	0	0	1	0	0	0	0	0	0	0	0	0	0	0	0	0	5	3	0	2	2	0	0	0	3	0	10	0	0	1	0	0	42	0	0	0	0	2	1	0	0	1	1	0	1	0	2	0	0	0	0	0	0	0	0	0	0	1	0	0	1	0	0	1	0	0	0	4	0	2	0	0	0	0	0	0	0	0	0	0	0	0	0	1	0	0	2	0	0	0	0	0	0	0	0	0	0	0	0	0	2	0	0	0	0	0	10	1	0	0	0	0	0	0	0	0	0	2	0	0	0	0	0	0	2	1	1	0	0	0	0	0	0	0	4	0	0	0	0	0	0	0	0	0	0	0	3	0	5	0	0	0	0	0	0	0	0	0	0	0	0	0	0	0	0	0	0	0	0	0	0	0	0	0	0	0	0	0	55	0	0	0	1	0	0	0	0	0	0	0	26	1	0	2	0	0	0	2	0	0	0	0	0
Troncais	3	2	118	Troncais32	intra.sup	1	0	0	0	0	1	0	0	0	0	0	0	0	1	0	0	0	0	0	0	0	4	3	0	0	0	0	14	2	3	0	0	3	0	6	0	0	0	6	0	0	0	0	0	0	0	0	0	0	0	0	0	2	0	0	1	0	0	0	0	0	0	0	0	0	1	0	0	0	0	0	1	0	1	0	0	0	1	0	0	0	5	0	0	0	0	0	0	0	0	0	0	0	0	0	0	0	1	0	0	0	0	0	0	0	3	0	0	0	0	0	0	0	7	0	0	0	5	0	0	0	4	1	5	14	0	0	43	3	0	2	1	0	3	0	82	0	14	2	0	0	0	17	2	2	0	1	0	0	0	0	0	0	0	0	0	0	0	0	0	7	0	4	5	0	6	3	0	0	1	11	0	6	0	2	1	6	0	13	0	0	0	0	3	6	0	0	0	0	0	1	0	0	0	0	0	2	1	0	0	0	0	0	8	0	0	0	2	0	0	0	0	0	6	0	1	0	0	0	0	0	0	0	0	0	0	0	0	0	4	1	0	3	0	0	0	1	0	3	0	0	0	0	0	0	0	2	0	0	0	0	0	6	1	0	0	1	0	0	1	0	0	0	0	0	4	0	0	0	0	0	0	0	0	0	1	0	1	0	0	7	0	0	0	0	0	1	0	1	0	2	0	2	0	0	0	0	0	0	0	7	0	0	0	0	0	0	0	0	0	0	0	0	0	0	0	0	0	0	0	0	0	0	0	24	0	0	0	0	1	0	0	0	0	0	0	25	0	0	6	0	0	0	0	0	0	0	0	1
Troncais	3	3	118	Troncais33	intra.inf	0	1	0	0	1	4	0	0	0	0	0	0	0	0	0	0	0	0	0	0	1	1	1	0	0	0	0	1	0	1	0	0	0	1	3	0	0	0	3	0	0	0	0	0	0	0	1	0	0	0	0	0	0	0	0	0	0	0	0	0	0	0	0	0	0	0	0	0	0	0	0	0	0	0	0	1	0	3	0	0	1	2	0	0	0	0	0	0	0	0	0	0	0	0	0	0	0	1	0	0	0	0	0	0	0	0	0	0	0	0	0	0	1	1	0	0	0	2	0	0	0	2	1	0	2	0	0	4	0	0	0	0	0	0	0	15	1	6	0	0	0	0	9	0	7	0	0	0	1	0	0	0	0	0	0	0	0	0	0	0	0	0	1	0	0	3	0	0	0	0	3	0	2	0	1	0	2	0	0	0	0	0	2	0	1	0	0	0	0	0	0	0	3	1	0	0	0	0	0	0	0	0	0	1	0	0	0	1	0	0	0	0	0	6	0	0	0	0	0	0	1	0	0	0	0	0	0	0	1	1	0	1	1	0	0	0	0	0	2	0	0	0	0	0	0	0	0	2	0	0	0	0	5	0	1	0	1	0	0	2	1	0	0	3	1	0	0	1	0	0	0	0	0	0	0	6	0	0	0	0	0	0	0	0	0	0	0	0	0	0	0	1	0	0	1	0	0	0	0	0	0	0	0	1	0	0	0	0	0	0	0	0	0	0	0	0	0	0	0	0	0	0	0	0	1	0	0	0	0	3	0	0	0	0	0	0	41	0	0	17	0	0	0	0	0	0	0	0	0
Troncais	3	4	118	Troncais34	infra	0	4	1	0	0	2	0	0	0	0	0	0	0	0	0	0	0	0	0	0	8	0	0	0	0	6	0	0	0	0	0	0	1	0	0	0	0	0	0	0	0	0	0	0	0	0	0	0	0	0	0	0	0	0	0	0	0	0	0	0	0	1	0	0	0	0	0	0	0	0	1	0	0	0	0	0	0	0	0	0	0	0	1	0	0	1	0	0	0	0	0	0	0	0	0	0	0	0	0	0	0	0	0	0	0	0	1	0	0	0	0	0	1	1	0	0	0	3	0	0	0	0	0	0	1	0	0	3	0	0	0	1	0	0	0	2	0	1	0	0	0	0	7	0	1	0	0	0	1	0	0	0	0	0	0	0	0	0	1	0	0	0	1	0	0	0	0	0	0	0	1	0	2	0	0	0	0	0	2	0	0	0	0	1	0	0	0	0	0	0	0	0	0	0	0	1	0	0	0	1	0	0	0	0	0	0	0	0	0	0	0	0	0	3	0	0	0	0	0	0	0	0	0	0	0	0	0	0	0	0	0	0	0	0	0	0	0	0	0	0	0	0	0	0	0	0	0	0	0	0	0	0	3	0	0	0	1	0	1	1	2	0	0	2	1	0	0	0	0	0	0	0	0	0	0	1	0	0	0	0	0	0	0	0	0	0	0	0	0	0	0	0	0	0	1	0	0	0	0	0	0	0	0	1	0	0	0	0	0	0	0	0	0	0	0	0	0	0	0	0	0	0	0	0	1	0	0	0	0	1	0	0	0	0	0	0	24	3	0	12	0	0	0	0	0	0	0	0	0
Troncais	4	1	207	Troncais41	supra	1	0	0	0	0	2	0	0	0	0	0	0	0	0	0	0	0	1	0	0	0	3	0	0	0	0	0	2	0	0	0	1	6	0	0	0	0	0	2	0	0	0	1	0	0	0	0	0	0	1	0	0	0	0	0	1	0	0	0	0	2	0	0	0	0	0	0	0	0	0	0	3	0	2	0	0	2	0	0	0	0	2	0	0	0	0	0	0	0	0	0	0	0	0	0	0	0	0	1	0	0	0	0	0	0	9	0	0	0	0	1	0	0	0	0	0	0	24	0	0	0	2	0	2	9	0	0	2	1	0	0	0	1	1	1	5	0	10	0	0	0	0	42	1	0	0	0	0	0	0	0	0	0	1	0	0	0	1	0	0	0	0	6	0	0	3	0	0	1	0	1	0	1	0	1	0	0	0	25	0	0	0	0	0	2	0	0	1	1	0	2	0	0	0	0	0	0	0	0	0	0	0	0	1	0	0	0	0	0	0	0	0	0	2	0	0	0	0	0	0	0	0	0	0	0	0	0	0	0	1	0	0	1	0	0	0	0	0	1	0	0	0	0	0	0	0	2	0	0	0	0	0	4	0	0	0	0	0	0	0	0	0	0	0	0	0	0	0	0	1	0	1	0	0	1	0	0	0	0	0	7	0	0	0	0	0	1	0	0	0	0	0	0	0	2	0	0	0	0	0	0	0	0	1	0	0	0	0	0	0	0	0	0	0	0	0	0	0	0	0	1	0	0	0	52	0	0	0	0	0	0	0	0	0	0	0	20	3	0	3	0	0	0	1	0	0	0	0	0
Troncais	4	2	207	Troncais42	intra.sup	0	0	0	0	1	0	0	0	0	0	0	0	0	0	0	0	0	0	0	0	0	5	3	0	0	0	0	6	0	0	0	0	0	0	2	0	0	0	0	0	0	0	0	0	0	0	0	1	0	0	0	0	0	0	0	2	0	0	0	0	0	0	0	0	0	3	0	0	0	1	0	0	0	0	0	0	0	1	0	0	1	0	0	0	0	0	0	0	0	1	0	0	0	0	0	0	0	0	0	0	0	0	0	0	0	1	0	0	0	0	0	0	0	0	0	0	1	1	0	0	0	0	1	1	4	0	0	2	6	0	1	0	0	0	0	3	0	1	0	0	0	0	8	0	0	0	0	0	0	0	0	0	0	0	0	0	0	0	1	0	3	1	0	0	0	4	0	0	1	0	0	0	0	0	3	0	2	0	9	0	0	2	0	2	0	0	0	0	1	0	0	0	0	0	0	0	0	0	0	0	0	0	0	11	0	0	0	1	2	0	0	0	0	0	0	0	0	0	0	0	0	0	0	0	0	0	0	0	0	0	0	0	1	0	0	0	0	0	0	0	0	0	0	1	0	0	0	0	1	0	0	0	2	0	0	0	0	0	0	1	0	0	0	1	0	1	1	0	0	0	0	0	0	0	0	0	0	0	0	0	1	0	0	0	0	0	2	0	0	0	0	0	0	0	5	0	0	0	0	0	0	0	0	0	0	0	0	0	0	0	0	0	0	0	0	0	0	0	0	0	0	0	0	0	1	0	0	0	0	1	0	0	0	0	0	0	25	0	0	9	0	0	0	0	0	0	0	0	0
Troncais	4	3	207	Troncais43	intra.inf	0	1	0	0	0	0	0	0	0	3	0	0	0	0	0	0	0	1	0	0	0	1	0	0	1	0	0	0	0	0	0	0	0	0	0	1	0	0	1	0	0	0	0	0	0	0	0	0	0	0	0	0	0	0	0	3	0	0	0	0	0	0	0	1	0	0	0	0	0	2	0	0	0	0	0	0	0	2	2	0	0	1	0	0	0	0	0	0	0	1	0	0	0	0	0	0	0	1	0	0	0	0	0	0	0	1	1	0	0	0	0	0	0	0	0	0	0	1	0	0	0	1	0	0	0	0	0	2	0	0	0	1	1	0	0	1	0	1	0	1	0	0	0	0	1	0	0	1	0	1	0	0	0	0	0	1	0	0	0	0	0	0	0	0	0	0	0	0	0	0	6	0	1	0	0	0	0	0	11	0	0	0	0	3	0	0	0	0	0	0	0	0	2	0	0	1	0	0	0	0	0	0	0	1	0	0	0	0	0	0	0	0	0	1	1	0	0	0	0	0	0	0	0	0	0	0	0	0	0	0	0	0	1	0	0	0	2	0	0	0	0	0	0	0	0	0	0	0	0	0	0	0	3	0	2	0	1	0	0	1	0	0	0	1	0	0	0	0	0	0	0	0	0	0	0	2	0	0	0	0	0	0	0	0	0	0	0	0	2	0	0	0	0	0	19	0	0	0	0	0	0	0	0	0	0	0	0	0	0	0	0	0	0	0	0	0	0	0	0	0	0	0	0	0	0	0	0	0	0	1	0	0	0	0	0	0	15	2	0	8	0	0	0	0	0	0	0	0	0
Troncais	4	4	207	Troncais44	infra	0	1	0	0	1	1	0	0	0	0	0	0	0	0	0	0	0	0	0	0	0	0	0	0	2	0	0	0	0	0	0	0	0	0	0	1	0	0	0	0	0	0	0	0	0	0	0	0	0	0	1	0	0	0	0	1	0	2	0	0	0	1	1	12	1	0	0	0	0	0	0	0	0	0	1	0	0	2	1	0	0	0	0	1	0	0	0	0	0	0	0	0	0	0	0	1	0	1	0	0	0	0	0	0	0	0	2	0	0	0	0	0	0	0	0	0	0	2	0	0	0	0	0	0	0	0	0	4	0	2	0	0	0	0	0	0	0	4	0	0	0	0	0	0	3	0	0	0	0	1	0	0	0	0	1	0	0	0	0	0	0	0	0	0	0	0	0	0	0	0	4	0	2	0	4	0	0	0	13	0	0	0	1	1	0	1	0	1	0	0	0	0	0	1	0	0	0	1	0	2	0	0	0	0	0	0	0	2	0	0	0	1	0	0	0	0	0	0	0	0	0	0	0	0	1	2	0	0	0	1	0	0	0	0	0	0	0	0	0	0	0	0	0	0	0	0	1	1	0	0	0	0	3	0	0	0	2	0	0	0	0	1	0	1	0	0	0	0	0	0	0	0	0	0	0	5	0	0	0	0	0	0	1	0	0	0	0	0	4	0	0	0	1	0	14	0	0	0	0	0	1	0	0	1	0	0	0	0	0	0	1	0	0	0	0	0	0	0	0	0	0	0	0	1	0	0	0	0	0	2	0	0	0	0	0	0	7	2	0	16	0	0	0	0	0	0	0	0	0
Troncais	5	1	315	Troncais51	supra	0	0	0	0	1	2	0	0	0	0	0	0	0	0	1	0	0	0	0	0	0	0	0	0	0	0	0	1	0	1	0	0	3	0	0	0	0	1	10	0	0	0	0	0	0	0	0	0	0	0	0	0	0	0	0	0	0	0	0	0	0	0	0	1	1	1	0	0	0	0	0	1	0	0	0	0	0	0	0	0	0	3	0	0	0	0	0	0	0	0	0	0	0	0	0	0	0	0	0	0	0	0	0	0	0	9	0	0	0	0	0	0	0	0	0	0	0	7	0	0	0	3	0	3	4	0	0	6	6	0	0	1	0	0	0	4	2	9	9	0	0	0	0	0	0	0	0	0	0	0	0	0	0	0	0	0	0	0	0	0	1	0	10	0	0	8	0	0	1	0	3	0	6	0	0	1	2	0	8	0	0	0	1	1	3	0	0	0	0	0	0	0	2	0	0	0	0	0	0	0	0	0	0	8	0	1	0	0	0	0	1	0	0	0	0	2	0	0	0	0	0	0	0	0	0	0	1	0	0	0	0	1	1	0	0	0	0	0	0	0	0	0	0	0	0	1	3	0	0	0	0	0	4	0	0	0	0	0	0	0	0	0	0	1	0	0	4	0	0	0	2	1	0	0	0	0	0	0	1	0	14	0	0	0	0	0	0	0	0	0	0	0	1	0	0	0	0	0	0	0	0	0	0	0	0	0	0	0	0	0	0	0	0	0	0	0	0	0	0	0	0	0	0	0	55	0	0	0	0	1	0	0	0	0	2	0	10	2	0	0	0	0	0	2	0	0	0	0	0
Troncais	5	2	315	Troncais52	intra.sup	0	0	0	0	4	0	0	0	0	0	0	0	0	0	0	0	0	0	0	0	0	0	0	0	0	0	0	7	0	0	0	0	2	0	2	0	0	0	7	0	0	0	0	0	0	0	4	0	0	0	0	0	0	0	0	0	0	0	0	0	0	0	0	0	1	2	0	0	0	2	0	0	0	0	0	0	1	0	0	0	0	1	0	0	0	0	0	0	0	0	0	0	0	0	0	0	0	0	0	0	0	0	0	1	0	1	0	0	0	0	0	0	2	2	0	0	0	2	0	0	0	2	0	2	3	0	0	5	2	0	0	1	2	2	0	28	1	19	0	0	0	0	3	0	0	0	0	0	0	0	0	0	0	0	0	1	0	0	0	0	5	0	2	0	0	6	0	0	0	0	2	0	1	0	2	0	0	0	10	0	0	0	1	3	3	0	0	0	1	0	1	1	5	0	0	0	0	0	0	0	0	0	0	7	0	0	0	0	1	0	0	0	0	1	0	0	0	0	0	0	0	0	0	0	0	0	0	0	0	1	0	0	0	0	0	0	0	1	1	0	0	0	0	0	0	0	1	0	0	0	0	0	7	0	0	0	1	0	0	0	0	0	0	1	0	1	0	0	0	0	0	0	0	0	0	2	0	0	1	0	2	0	0	0	0	0	0	0	0	0	0	0	0	0	0	0	0	0	0	0	0	0	0	0	0	0	0	0	0	0	0	0	0	0	0	0	0	0	0	0	0	0	0	0	20	0	0	0	0	4	0	0	0	0	0	0	18	2	0	2	0	0	0	0	0	0	0	0	0
Troncais	5	3	315	Troncais53	intra.inf	0	1	0	0	3	1	0	0	0	0	0	0	0	0	0	0	0	0	0	0	0	0	0	0	0	0	0	2	0	0	0	0	1	0	0	0	0	0	2	0	0	0	0	0	0	1	0	0	0	1	0	0	0	0	0	0	0	0	0	0	0	0	0	4	0	0	0	0	0	0	0	0	0	0	0	0	0	1	0	0	0	0	0	0	0	1	0	0	0	2	0	0	0	0	0	0	0	0	0	0	0	0	0	0	0	0	0	0	0	0	0	0	0	0	0	0	0	1	0	0	0	1	0	0	1	0	0	3	0	0	0	0	0	1	0	6	0	5	0	0	0	0	1	0	4	0	0	0	0	1	0	0	0	0	0	2	0	0	0	0	0	0	0	0	0	0	0	0	0	0	3	0	2	0	2	0	1	0	3	0	0	0	0	0	0	0	0	0	0	0	0	0	0	0	0	0	0	3	0	0	0	0	0	0	0	0	0	3	1	0	0	0	0	0	0	0	0	1	0	0	0	0	0	0	0	0	0	0	0	1	0	0	1	0	0	0	1	1	3	0	0	0	0	0	0	0	0	0	0	0	0	0	2	0	0	0	1	0	0	0	0	0	0	3	0	0	0	0	0	0	0	0	0	0	0	11	0	0	1	0	1	0	0	0	0	0	1	0	2	0	0	0	0	2	1	0	0	0	0	0	0	0	0	0	0	0	0	0	0	0	0	0	0	0	0	0	0	0	0	0	0	0	0	0	1	0	0	0	0	1	0	0	0	0	0	0	28	0	0	21	0	0	0	0	0	0	0	0	0
Troncais	5	4	315	Troncais54	infra	0	0	0	0	0	2	0	0	0	0	0	0	0	0	0	0	0	0	0	0	0	0	0	0	1	0	0	0	0	0	0	0	1	0	0	2	0	0	5	0	0	0	0	0	0	0	1	0	0	0	0	0	0	0	0	0	0	0	0	0	0	2	0	8	1	0	0	0	0	0	0	0	0	0	0	0	0	1	1	0	0	0	1	0	0	0	0	0	0	1	0	0	0	1	0	0	0	0	0	0	0	0	0	0	0	0	1	0	0	0	0	0	0	0	0	0	0	2	0	0	0	0	0	0	0	0	0	5	0	0	0	1	0	0	0	3	0	6	4	1	2	0	7	0	3	0	0	0	0	0	0	0	0	0	0	0	0	0	0	0	0	0	0	0	0	0	2	0	0	0	1	0	6	0	1	0	0	0	1	0	0	0	0	0	1	0	0	0	0	0	0	1	0	0	0	0	0	6	0	0	0	0	0	2	0	0	0	1	0	0	0	0	0	1	0	0	0	0	0	0	0	0	0	0	0	0	0	0	0	0	0	0	0	0	0	0	0	0	0	0	0	0	0	0	0	0	0	0	0	0	0	0	5	0	0	0	0	0	0	1	0	0	0	5	0	0	0	0	0	0	0	0	0	0	0	4	0	0	0	0	0	0	1	0	0	0	0	0	0	0	0	0	0	0	1	0	0	0	0	0	0	0	0	0	0	0	0	0	0	0	0	0	0	0	0	0	0	0	0	0	0	0	0	0	0	0	0	0	0	0	0	0	0	0	1	0	34	0	0	5	0	0	0	0	0	0	0	0	0
Troncais	6	1	327	Troncais61	supra	0	1	0	0	1	2	0	0	0	0	0	0	0	0	1	0	0	0	0	1	0	0	0	0	0	0	0	0	0	0	0	1	4	0	2	0	0	0	8	0	0	0	1	0	0	0	0	0	0	0	0	0	0	0	0	0	0	0	0	0	0	0	0	1	0	0	0	0	0	0	0	0	0	0	0	0	1	0	0	0	0	1	0	0	0	0	0	0	0	0	0	0	0	0	0	0	0	0	0	0	0	0	0	0	1	1	0	0	0	0	0	1	0	1	0	0	0	29	0	0	0	1	0	0	10	0	0	5	1	0	0	2	0	0	0	5	0	18	0	0	0	0	5	0	0	0	0	0	1	0	0	0	0	0	0	0	0	0	0	0	0	0	0	2	1	1	1	0	0	0	2	0	1	0	0	0	0	0	22	0	0	0	1	0	2	1	1	0	1	0	0	0	0	0	0	0	0	1	0	0	0	0	0	1	0	0	0	0	0	0	0	0	0	1	0	2	0	0	0	0	0	0	0	0	0	0	0	0	0	0	0	0	4	0	0	0	0	0	0	0	0	0	0	0	0	0	0	0	0	0	0	0	11	2	0	0	0	2	0	0	0	0	0	5	1	0	0	0	0	0	1	1	0	0	9	0	0	0	0	0	7	0	0	0	0	0	1	0	0	0	0	0	0	0	1	0	0	1	0	0	0	0	0	0	0	0	0	0	0	0	0	0	0	0	0	0	0	0	0	0	0	0	0	0	86	1	0	0	2	1	0	0	0	0	0	0	25	0	0	2	0	0	0	1	0	0	0	0	0
Troncais	6	2	327	Troncais62	intra.sup	0	2	0	0	1	0	0	0	0	0	0	0	0	0	0	0	0	0	0	0	0	2	3	0	0	0	0	4	0	0	0	0	6	0	2	0	0	0	4	0	0	0	0	0	0	0	1	0	0	0	0	0	0	0	0	0	0	0	0	0	0	1	0	0	0	1	0	0	0	0	0	2	0	0	0	0	0	0	0	0	0	3	0	0	0	0	0	0	0	0	0	0	0	0	0	0	0	1	0	0	0	1	0	0	0	2	0	0	0	0	0	0	0	0	0	0	0	12	0	0	0	1	1	1	8	0	0	7	3	0	1	0	2	1	0	38	0	22	0	0	0	0	16	0	0	0	0	0	2	0	0	0	0	0	0	0	0	0	0	0	1	0	1	0	0	11	1	0	1	0	19	0	0	0	3	0	5	0	3	0	0	0	0	1	2	0	0	0	0	0	1	0	2	0	0	0	0	3	0	0	0	0	0	7	0	0	0	0	1	0	0	0	0	2	0	0	0	0	0	0	0	0	0	0	0	0	0	0	0	0	0	0	1	0	1	0	1	0	0	0	0	0	0	0	0	0	0	0	0	0	0	0	15	0	0	0	0	0	0	0	2	0	0	11	0	0	1	0	0	1	0	1	0	0	0	0	0	0	0	0	3	0	0	0	0	0	0	0	2	0	0	0	1	1	5	0	0	0	0	0	1	0	0	0	0	0	0	0	0	0	0	0	1	0	0	0	0	0	0	0	0	0	0	0	12	0	0	0	0	1	0	0	0	0	0	0	18	0	0	17	0	0	0	1	0	0	0	0	0
Troncais	6	3	327	Troncais63	intra.inf	0	0	0	0	2	0	0	0	0	0	0	0	0	0	0	0	0	1	0	0	0	0	0	0	2	0	0	0	0	1	0	0	4	0	0	0	0	0	10	0	0	0	0	0	0	0	1	0	0	0	2	0	0	0	0	0	0	0	0	0	0	2	0	4	0	0	1	0	0	0	0	1	0	0	0	0	0	1	0	0	2	2	1	0	0	0	0	1	1	3	0	0	0	1	0	0	0	0	0	0	0	0	0	0	0	0	0	0	0	0	0	0	1	0	0	0	0	9	0	0	0	0	0	0	0	0	0	4	1	0	0	0	1	0	0	7	0	22	0	0	0	0	4	0	1	0	0	0	2	0	0	0	0	0	0	1	0	0	0	1	1	0	1	1	0	1	0	0	0	0	1	0	4	0	1	0	0	0	6	0	0	0	0	1	3	1	0	0	0	0	0	1	0	0	0	0	0	0	0	0	0	1	0	3	0	0	0	2	1	0	0	0	0	0	0	0	1	1	0	0	0	0	0	0	0	0	0	0	0	2	0	0	3	0	0	0	1	0	1	0	0	1	0	0	0	0	0	1	0	0	0	1	9	0	0	0	1	0	0	0	0	1	0	8	0	0	0	0	0	0	0	0	0	0	0	0	0	1	0	0	0	0	0	0	0	0	0	0	3	0	0	1	0	2	4	0	0	0	0	0	0	0	0	2	0	0	1	0	0	0	0	0	0	0	1	0	0	0	0	0	0	0	0	0	5	0	0	0	0	0	0	0	0	0	0	0	24	0	0	30	0	1	0	0	0	0	0	0	0
Troncais	6	4	327	Troncais64	infra	0	0	0	0	0	1	0	0	0	0	0	0	0	0	0	0	0	0	0	0	0	0	0	0	3	0	0	0	0	0	1	0	3	0	0	0	0	0	0	0	0	0	0	0	2	0	0	0	0	0	0	0	0	0	0	0	0	0	0	0	0	2	0	5	0	0	0	0	1	0	0	0	0	0	0	0	1	1	0	0	0	1	1	0	0	0	0	0	6	1	0	0	0	0	0	0	0	0	0	0	0	0	0	0	0	0	1	0	1	0	0	0	0	0	0	0	0	4	0	0	0	0	0	0	0	0	0	1	0	1	0	0	1	0	0	0	1	4	0	0	0	0	7	0	0	0	0	0	0	0	0	0	0	0	0	1	0	0	0	1	0	0	0	0	0	0	0	0	0	0	3	0	2	0	1	0	0	0	3	0	0	0	0	0	2	0	0	0	0	1	0	0	0	0	0	0	0	0	0	0	0	1	0	0	0	0	0	0	0	0	0	0	0	6	0	1	0	0	0	0	0	0	0	0	0	0	0	0	0	1	0	0	0	0	0	0	0	0	0	0	0	0	0	0	0	0	0	0	1	0	0	1	1	0	0	0	0	0	0	1	0	0	0	3	0	0	0	0	0	0	0	0	0	0	0	1	0	0	0	0	0	0	1	0	0	0	0	1	1	0	1	0	0	0	2	0	0	0	0	0	0	0	0	1	0	0	0	0	0	0	0	0	0	0	0	0	0	0	0	0	0	0	0	0	2	0	0	0	0	1	0	0	0	0	0	0	25	3	0	13	0	0	0	0	0	0	0	0	0
Troncais	7	1	337	Troncais71	supra	0	0	0	0	0	0	0	0	0	0	0	0	0	1	0	0	0	0	0	0	0	2	0	0	0	0	0	2	0	0	0	1	2	0	0	0	0	0	2	0	0	0	0	0	0	0	0	1	0	1	0	0	0	0	0	1	0	0	0	0	0	1	0	0	0	0	0	0	0	0	0	0	0	1	0	0	2	0	0	0	0	0	0	0	0	0	0	0	0	0	0	0	0	0	0	0	0	0	0	0	0	0	0	0	0	4	0	0	0	0	0	0	0	1	0	0	0	16	0	0	0	0	0	1	14	0	1	0	0	0	0	0	0	0	0	10	0	7	1	0	0	0	6	0	0	0	0	0	0	0	0	0	0	0	0	0	0	0	0	0	0	1	4	0	0	0	3	0	0	0	0	0	10	0	0	2	0	0	12	1	0	0	0	0	0	0	0	1	0	0	1	0	0	0	0	0	0	0	0	0	0	0	0	0	0	0	0	0	0	0	0	0	0	0	0	0	0	0	0	0	0	0	0	0	0	0	0	0	0	0	0	0	3	0	0	0	0	0	1	0	0	0	0	0	0	0	0	0	0	0	0	0	3	0	0	0	0	2	0	0	0	0	0	4	0	0	0	0	0	2	2	1	0	0	0	0	0	1	0	0	10	0	0	0	0	0	0	0	0	0	0	0	1	0	0	0	0	0	0	0	0	0	0	0	0	0	0	0	0	0	0	0	0	0	0	0	0	0	0	0	0	0	0	0	39	0	0	0	0	0	0	0	0	0	0	0	24	5	0	4	0	0	0	3	0	0	0	0	0
Troncais	7	2	337	Troncais72	intra.sup	0	1	0	0	2	3	0	0	0	0	1	0	0	0	0	0	0	0	0	0	0	3	4	0	0	0	0	6	0	5	0	0	0	0	2	0	0	0	6	0	0	0	0	0	0	0	0	0	0	0	0	0	0	0	0	1	0	0	0	0	0	0	0	0	0	2	0	0	0	0	0	1	0	1	0	0	0	0	0	0	0	4	0	0	0	0	0	0	0	0	0	0	0	0	0	0	0	0	0	1	0	0	0	0	0	1	0	0	0	0	0	0	0	4	0	0	0	4	0	0	0	3	2	0	7	0	1	2	12	0	0	1	1	0	0	13	0	6	0	0	0	0	9	0	1	0	1	0	1	0	0	0	0	1	0	0	0	0	0	0	2	0	1	0	0	2	0	0	0	0	3	0	3	1	2	0	0	0	7	0	0	0	0	0	3	1	2	0	0	0	0	0	1	0	0	1	0	0	0	0	0	1	0	12	0	0	0	0	3	0	0	0	0	2	0	1	0	0	0	0	1	0	0	0	0	0	0	0	0	1	0	0	1	0	0	0	0	0	6	0	0	0	0	0	0	0	1	0	0	0	0	0	1	0	0	0	0	0	0	1	0	0	0	2	0	0	0	0	0	0	0	0	0	0	2	3	0	1	0	0	0	0	1	0	0	0	0	0	0	0	0	0	0	0	0	0	0	0	0	0	1	0	0	1	0	0	1	0	0	0	0	0	0	0	0	0	0	0	0	0	0	0	0	0	32	0	1	0	0	2	0	0	0	0	0	0	10	3	0	16	0	0	0	0	0	0	0	0	0
Troncais	7	3	337	Troncais73	intra.inf	0	1	0	0	4	0	0	0	0	0	0	0	0	0	0	0	0	0	0	0	0	3	2	0	0	0	0	0	0	1	0	0	2	0	0	0	0	0	1	0	0	0	0	0	0	0	0	1	0	1	0	0	1	0	1	1	0	0	0	0	0	2	0	1	0	0	0	1	0	0	0	0	0	0	0	4	0	7	0	0	0	0	1	0	0	0	0	0	0	0	0	0	0	0	0	0	0	1	0	0	0	1	0	0	0	0	0	0	0	0	0	0	0	0	0	0	0	0	0	0	0	3	0	0	1	0	0	1	0	0	0	0	0	0	0	5	1	10	0	0	0	0	4	0	2	0	0	0	0	0	0	1	0	0	0	1	0	0	0	0	3	0	0	0	0	0	0	0	0	0	4	0	1	0	4	0	2	0	2	0	0	0	0	0	0	0	0	0	0	0	0	2	0	0	0	1	0	0	1	0	0	0	0	1	0	0	0	2	0	0	0	0	0	0	0	0	0	0	0	0	0	0	0	0	0	0	0	0	0	0	0	0	0	0	0	0	5	0	1	0	0	0	0	0	0	0	0	1	0	0	0	0	3	0	0	0	0	0	0	1	0	0	0	3	0	0	0	0	0	0	0	0	0	0	0	5	0	1	0	1	0	0	0	0	0	0	0	0	0	0	0	0	0	0	2	0	0	0	0	0	0	0	0	3	0	0	0	0	0	0	0	0	0	0	0	0	0	0	0	0	0	0	0	0	1	0	0	0	0	1	0	0	0	0	0	0	26	2	0	33	0	0	0	0	0	0	0	0	0
Troncais	7	4	337	Troncais74	infra	0	2	0	0	0	0	0	0	0	0	0	0	0	0	0	0	0	0	0	0	0	0	0	0	7	0	0	0	0	1	0	0	5	0	0	0	0	1	1	0	0	0	0	0	0	0	0	0	0	1	0	0	0	0	0	2	0	0	0	0	0	2	0	3	0	0	0	0	0	0	0	0	0	0	0	0	0	2	0	0	1	0	1	0	0	0	0	0	0	3	0	0	0	0	0	0	0	0	0	0	0	1	0	0	0	1	0	0	0	0	0	0	0	0	0	0	0	4	0	0	0	0	0	0	0	0	0	5	0	0	1	2	0	0	0	2	1	2	0	0	1	0	14	0	3	0	0	0	0	0	0	0	0	0	0	1	0	0	0	0	1	0	1	0	0	0	0	0	0	0	2	0	1	0	0	0	1	0	3	0	1	0	1	0	0	0	0	0	1	0	0	0	0	0	1	0	0	2	0	0	0	2	0	0	0	0	0	1	1	0	0	0	0	2	0	0	0	0	0	0	0	0	0	0	0	0	0	0	0	0	0	0	1	0	0	0	0	0	1	0	0	0	0	0	0	0	0	0	0	0	0	0	3	0	1	0	1	0	1	1	1	0	1	5	0	0	0	0	0	0	0	0	0	0	0	0	0	0	0	0	4	0	0	0	0	0	0	0	1	0	0	0	0	1	3	0	0	0	0	0	0	0	0	1	0	0	0	0	0	0	0	0	0	0	0	0	0	0	0	0	0	0	0	0	2	0	0	0	0	2	0	0	0	0	0	0	21	1	0	18	0	0	0	0	0	0	0	0	0
Troncais	8	1	350	Troncais81	supra	0	0	0	0	5	1	0	0	0	0	0	0	0	1	1	0	0	0	0	0	0	0	0	0	0	0	0	2	0	6	0	0	11	0	1	0	0	0	11	0	0	0	0	0	0	0	0	0	0	0	0	0	0	0	0	0	0	0	0	0	0	0	0	2	0	3	0	0	0	0	0	0	0	3	0	0	0	0	0	0	0	5	0	0	0	0	0	0	0	0	0	0	0	0	0	0	0	0	1	0	0	0	0	0	0	3	0	0	0	0	0	0	0	3	1	0	0	28	0	0	0	3	0	3	15	0	0	15	0	0	0	0	0	0	0	7	0	14	2	0	0	0	11	0	1	0	0	0	0	0	0	0	0	0	0	0	0	0	0	0	0	0	13	0	2	2	0	0	0	0	2	0	2	0	0	0	1	0	16	0	0	0	1	1	1	0	0	1	0	0	2	0	1	0	0	0	0	2	0	0	0	0	0	2	0	0	0	1	0	0	0	0	0	0	0	1	0	0	0	0	0	0	0	0	0	0	0	0	0	0	0	0	1	0	0	0	0	0	0	0	0	0	0	0	0	0	2	0	0	0	0	0	5	1	0	0	0	0	0	0	0	0	0	6	1	0	2	0	0	0	0	1	0	0	0	0	0	0	0	0	1	0	1	0	0	0	0	0	0	0	0	0	1	0	9	0	0	0	0	0	1	0	0	0	0	0	0	0	0	0	0	0	0	0	0	0	0	0	0	0	0	0	0	0	41	0	0	0	1	0	0	0	0	0	0	0	15	0	0	3	0	0	0	0	0	0	0	0	0
Troncais	8	2	350	Troncais82	intra.sup	0	0	0	0	2	0	0	0	0	0	0	0	0	0	0	0	0	0	0	0	0	0	1	0	0	0	0	2	0	5	0	0	8	0	2	0	0	0	7	0	0	0	0	0	0	0	3	0	0	0	0	0	0	0	0	1	0	0	0	0	0	0	0	0	1	4	0	0	0	0	0	0	2	0	0	0	0	1	0	0	0	6	0	0	0	0	0	0	0	0	0	0	0	0	0	0	0	0	0	0	0	0	0	0	0	2	0	0	0	0	0	0	0	3	0	0	0	4	0	0	0	3	2	1	6	0	0	5	1	0	0	0	0	0	0	8	0	19	0	0	0	0	11	0	0	0	0	0	0	0	1	0	0	0	0	0	0	0	0	0	1	0	6	0	0	1	2	0	0	0	1	0	1	0	2	0	1	0	15	0	0	0	0	1	2	0	0	0	0	0	0	0	2	0	0	1	0	2	1	0	0	0	0	10	0	0	0	0	3	0	0	0	0	0	0	0	0	0	0	0	0	0	0	0	0	0	0	0	0	0	0	0	2	0	0	0	2	3	1	0	0	0	0	0	0	0	0	1	0	0	0	0	4	0	0	0	0	0	0	1	0	0	0	5	0	0	1	0	0	0	0	0	0	0	0	1	0	0	2	0	0	2	0	0	1	0	1	0	1	0	0	0	0	0	0	0	0	0	0	0	0	0	0	2	0	0	2	0	0	0	0	0	0	0	0	0	0	1	0	0	0	0	0	0	6	0	0	0	0	5	0	1	0	0	0	0	42	0	0	21	0	2	0	0	0	0	0	0	0
Troncais	8	3	350	Troncais83	intra.inf	1	11	0	0	3	0	0	0	0	0	0	0	1	0	0	0	0	0	0	0	0	0	0	0	0	0	0	0	0	2	0	0	4	0	0	1	0	0	3	0	0	1	0	0	0	0	1	1	0	2	0	0	0	0	0	1	0	0	0	0	0	0	0	4	0	3	0	1	0	9	0	3	1	0	0	0	1	4	0	0	0	2	0	0	0	0	0	0	0	3	0	0	0	0	0	0	0	0	0	0	1	0	0	0	0	3	2	0	0	0	0	0	1	1	0	0	0	5	0	0	0	0	2	0	2	0	0	4	0	0	0	0	0	0	0	2	0	9	0	0	0	0	9	0	1	0	0	0	0	0	0	0	0	0	0	0	0	0	0	0	1	0	0	0	0	4	0	1	0	0	1	0	3	0	2	0	0	0	13	0	0	0	0	1	1	0	2	0	0	0	2	0	3	0	0	1	0	3	0	0	0	0	0	0	0	0	0	0	1	0	0	0	0	0	0	0	0	0	0	0	1	0	0	0	0	0	0	0	0	2	0	0	0	0	0	0	4	0	1	0	0	0	0	0	0	1	0	0	0	0	0	1	7	0	0	0	1	0	0	1	1	0	0	4	2	0	0	0	0	0	0	0	0	0	0	0	0	0	0	0	0	0	0	0	0	0	0	0	2	0	0	0	0	1	1	0	0	0	0	0	0	0	0	3	0	0	0	0	0	0	0	0	0	0	0	0	0	0	0	0	0	0	0	0	1	0	0	0	0	2	0	0	0	0	0	1	51	3	0	48	0	0	0	1	0	0	0	0	0
Troncais	8	4	350	Troncais84	infra	1	2	0	0	1	0	0	0	0	1	0	0	0	0	0	0	0	0	0	0	0	0	0	0	5	0	0	0	0	0	0	0	1	0	0	0	0	0	1	0	0	1	0	0	0	0	0	1	0	0	2	0	0	0	0	0	0	0	2	0	0	2	0	15	0	0	1	1	0	5	0	0	2	1	0	0	0	1	1	0	1	0	0	0	0	1	0	0	3	1	0	1	0	0	0	0	0	1	0	0	0	0	1	0	0	1	1	0	0	0	0	0	0	0	0	0	0	2	0	0	0	0	0	0	1	0	0	9	0	0	0	2	1	0	0	2	0	0	0	0	0	0	3	0	0	0	0	0	0	0	0	0	0	0	0	0	0	0	0	1	0	0	0	0	0	0	1	0	0	0	4	0	2	0	4	0	0	0	6	0	0	0	0	1	1	0	0	0	0	0	0	0	0	0	0	0	0	1	0	1	1	1	0	0	1	0	0	0	0	1	0	0	0	0	0	0	1	0	0	0	0	0	0	0	0	0	0	0	0	0	0	0	0	0	0	0	1	0	0	0	2	0	0	0	0	0	0	0	0	0	0	0	3	0	0	0	0	0	0	0	1	0	0	2	1	0	0	0	0	0	0	0	0	0	0	0	0	0	0	0	0	0	0	0	0	0	0	0	0	0	0	0	0	1	12	0	0	0	0	0	0	0	0	0	0	0	0	0	0	0	0	0	0	0	0	0	0	1	0	0	0	0	0	0	1	0	0	0	0	1	0	0	0	0	0	0	28	5	0	36	0	1	0	0	0	0	0	0	0
Troncais	9	1	368	Troncais91	supra	0	0	0	0	2	1	0	0	0	0	0	0	0	0	0	0	0	0	1	0	0	0	0	0	0	0	0	2	0	3	0	0	5	0	0	0	0	0	1	0	0	0	0	0	0	0	0	1	0	0	0	0	0	0	0	0	0	0	0	0	0	0	0	0	0	0	0	0	0	0	0	0	0	4	0	0	2	1	0	0	0	1	0	0	0	0	0	0	0	0	0	0	0	0	0	0	0	0	0	0	0	0	0	0	0	5	0	0	0	0	0	0	0	2	0	0	0	10	0	0	0	1	0	0	9	1	0	2	0	0	0	0	0	0	0	11	0	1	0	0	0	0	12	0	0	0	0	0	0	0	0	0	0	0	0	0	0	0	0	0	0	0	5	1	1	1	0	0	0	0	0	0	0	0	0	1	0	0	11	0	0	0	0	2	1	0	0	2	1	0	1	0	1	0	0	0	0	1	0	0	0	0	0	0	0	0	0	0	0	0	0	0	0	0	0	0	0	0	0	0	0	0	0	0	0	0	0	0	0	0	0	0	0	0	0	0	0	0	0	0	0	0	0	0	0	1	2	0	0	0	0	0	4	4	0	0	0	1	0	0	0	0	0	3	0	0	1	0	0	0	2	3	0	0	4	0	0	0	0	0	12	0	0	0	0	0	1	0	0	0	0	0	2	0	4	0	0	0	0	0	0	0	1	0	0	0	0	0	0	0	0	0	0	0	0	0	0	0	0	1	0	0	0	0	41	0	0	0	0	1	0	0	0	0	0	0	14	0	0	0	0	0	0	1	0	0	0	0	0
Troncais	9	2	368	Troncais92	intra.sup	0	1	0	0	1	0	0	0	0	0	0	0	0	0	0	0	0	0	0	0	0	1	1	0	0	0	0	6	0	0	0	0	3	0	0	0	0	0	2	0	0	0	0	0	0	0	0	0	0	1	0	0	0	0	0	0	0	0	0	0	0	0	0	0	0	1	0	0	0	0	0	1	2	0	0	0	0	0	0	0	0	4	0	0	0	0	0	0	0	0	0	0	0	0	0	0	0	0	0	0	0	0	0	0	0	1	1	0	0	0	0	0	1	1	0	0	0	0	0	0	0	2	7	0	0	0	0	4	2	0	0	0	0	0	0	32	1	6	1	0	0	0	9	0	0	0	0	0	0	0	0	0	0	0	0	0	0	0	0	0	6	0	0	0	1	1	0	0	0	0	4	0	0	0	2	0	0	0	4	0	0	0	0	0	1	0	1	0	0	0	0	4	3	0	0	0	0	0	0	0	0	0	0	6	0	0	0	2	2	0	0	0	0	2	0	0	0	0	0	0	0	0	0	0	0	0	0	0	0	0	0	0	0	0	0	0	0	0	2	0	0	1	0	0	0	0	5	0	1	0	0	0	3	0	0	0	0	0	0	1	0	0	0	2	0	1	0	0	0	0	0	0	0	0	0	1	0	0	0	0	1	0	0	0	0	0	1	0	2	0	0	0	2	0	1	0	0	0	0	0	0	0	0	1	0	0	2	0	0	0	0	0	0	0	0	0	0	0	0	0	0	0	0	0	16	0	0	0	0	1	0	0	0	0	0	0	11	0	0	12	0	0	0	0	0	0	0	0	0
Troncais	9	3	368	Troncais93	intra.inf	0	2	0	0	0	1	1	0	0	0	0	0	0	0	0	0	0	0	0	0	1	0	2	0	0	0	0	1	0	0	0	0	0	0	0	0	0	0	3	0	0	0	0	0	0	0	0	3	0	0	0	0	0	0	0	1	0	0	0	0	0	0	0	11	1	1	0	0	0	0	0	0	0	0	0	0	0	3	0	0	0	1	0	0	0	0	0	0	0	3	1	0	0	0	0	0	1	2	0	0	0	0	0	0	0	0	1	0	0	0	0	0	0	0	0	0	0	0	0	0	0	6	2	0	0	0	0	1	0	0	1	0	0	1	0	3	0	4	0	0	0	0	2	0	4	0	0	0	0	0	0	1	0	0	0	0	0	0	0	0	0	0	0	0	0	3	0	0	0	0	1	0	0	0	0	0	0	0	1	0	0	0	1	1	0	0	0	0	0	0	0	0	1	0	0	0	0	0	0	0	0	0	0	1	0	0	0	1	0	0	0	0	0	1	0	1	0	0	0	0	0	0	0	0	0	0	0	0	0	0	0	0	0	0	0	0	3	0	0	0	0	0	0	0	0	0	0	2	1	0	0	0	2	0	0	0	0	0	0	2	1	0	0	1	0	0	0	0	0	0	0	0	0	0	0	1	0	1	0	0	0	0	0	0	0	0	0	0	0	1	0	0	1	1	4	0	0	0	0	0	0	0	0	0	0	0	0	0	0	0	0	0	0	0	0	0	0	0	0	0	0	0	0	0	0	0	0	0	0	0	0	0	0	0	0	0	10	1	0	9	0	0	0	0	0	0	0	0	0
Troncais	9	4	368	Troncais94	infra	1	0	0	0	0	0	0	0	0	0	0	0	0	0	0	0	0	0	0	0	0	0	0	0	3	0	0	0	0	1	0	0	0	0	0	0	0	0	0	0	0	0	0	0	0	0	0	1	1	2	1	0	0	1	0	2	0	0	0	0	1	1	0	18	0	0	0	0	0	2	0	0	0	0	0	0	0	0	0	0	0	0	1	0	0	1	0	0	2	0	0	0	0	0	0	0	1	2	0	0	0	1	0	0	0	0	0	0	0	0	0	0	0	0	0	0	0	0	0	0	0	0	0	0	0	0	0	2	1	0	0	0	1	0	0	1	0	0	0	0	0	0	15	0	1	0	0	0	0	0	0	0	0	0	0	0	0	0	0	0	0	0	0	0	0	0	0	0	0	0	0	0	4	0	5	0	0	0	4	0	0	0	1	0	1	0	0	0	0	0	0	0	0	0	1	0	0	0	0	1	0	3	0	0	0	0	0	0	1	0	0	0	0	0	0	0	0	0	0	0	0	0	0	0	0	0	0	0	0	0	0	0	1	0	0	0	2	0	2	0	0	0	0	0	0	1	0	0	0	0	0	0	3	1	0	0	0	0	0	3	0	0	0	0	0	0	0	0	0	0	0	0	0	0	0	0	0	0	0	0	0	0	0	0	0	0	0	0	0	0	0	0	0	1	5	0	0	0	0	0	0	0	0	0	0	0	0	0	0	0	0	0	0	0	0	0	0	0	0	0	0	0	0	0	0	0	0	0	0	2	0	0	0	0	0	0	31	1	0	17	0	0	0	0	0	0	0	0	0
Troncais	10	1	413	Troncais101	supra	0	0	0	0	0	0	0	0	0	0	0	0	0	0	0	0	0	0	0	0	0	0	0	0	0	0	0	0	0	1	0	0	5	0	0	0	0	0	5	0	0	0	0	0	0	0	0	0	0	0	0	0	0	0	0	0	0	0	0	0	0	0	0	0	0	0	0	0	0	0	0	0	0	1	0	0	0	0	0	0	0	2	0	0	0	0	0	0	0	0	0	0	0	0	0	0	0	1	0	0	0	0	0	0	1	3	0	0	0	0	0	0	0	0	0	0	0	17	0	0	0	0	0	0	4	0	0	0	0	0	0	0	0	0	0	1	0	2	0	0	0	0	1	0	0	0	0	0	0	0	0	0	0	0	0	0	0	0	0	0	0	0	4	1	0	1	0	0	0	0	2	0	5	0	0	0	0	0	9	0	0	0	0	0	0	1	0	0	0	0	0	0	1	0	0	0	0	0	0	0	0	0	0	0	0	0	0	0	0	0	0	0	0	0	0	0	0	0	0	0	0	0	0	0	0	0	0	0	0	0	0	0	2	0	0	0	0	0	0	0	0	0	0	0	0	0	0	0	0	0	0	0	1	0	0	0	0	0	0	0	0	0	0	0	0	0	0	0	0	0	0	0	0	0	1	0	0	0	0	0	6	0	0	0	0	0	0	0	0	0	0	0	2	0	2	0	0	0	0	0	0	0	0	0	0	0	0	0	0	0	0	0	0	0	0	0	0	0	0	0	0	0	0	0	22	0	0	0	0	0	0	0	0	0	0	0	4	0	0	1	0	0	0	1	0	0	0	0	0
Troncais	10	2	413	Troncais102	intra.sup	0	0	0	0	0	5	0	0	0	0	0	0	0	0	0	0	0	0	0	0	0	0	0	0	0	0	0	2	0	0	0	0	1	0	0	0	0	0	3	0	0	0	0	0	0	0	0	0	0	0	0	0	0	0	0	0	0	0	0	0	1	0	0	0	0	3	0	0	0	0	0	0	0	1	0	0	0	0	0	0	0	2	0	0	0	0	0	0	0	0	0	0	0	0	0	0	0	0	0	0	0	0	0	0	0	1	0	0	0	0	0	0	0	3	0	0	0	6	0	0	0	0	0	1	9	0	0	2	4	0	0	0	0	0	0	1	0	25	0	0	0	0	3	0	0	0	1	0	0	0	0	0	0	0	0	0	0	0	0	0	2	0	5	0	0	0	0	0	1	0	1	0	2	0	0	0	0	0	4	0	0	0	1	0	4	0	0	0	0	0	0	0	0	0	0	0	0	0	0	0	0	0	0	10	0	0	0	0	1	0	0	0	0	1	0	0	0	0	0	0	1	0	0	0	0	0	0	0	0	0	0	0	0	0	0	0	0	0	1	0	0	0	0	0	0	1	1	0	0	0	0	0	5	0	0	0	2	0	0	0	0	0	0	0	0	1	1	0	0	1	0	0	0	0	1	0	0	2	1	0	1	0	1	0	0	0	0	0	0	0	0	0	0	0	0	0	0	0	0	0	0	0	0	0	0	0	0	0	0	0	0	0	0	0	0	0	0	1	0	0	0	0	0	0	6	0	0	0	0	1	0	1	0	0	0	0	8	1	0	3	0	0	0	1	0	0	0	0	0
Troncais	10	3	413	Troncais103	intra.inf	1	4	0	0	1	0	0	0	0	0	0	0	0	0	0	0	0	0	0	0	0	0	0	0	0	0	0	1	0	0	0	0	3	0	1	0	0	0	1	0	0	0	0	0	0	0	1	0	0	0	0	0	0	0	0	0	0	0	0	0	3	2	0	1	0	2	0	0	0	0	0	0	0	0	0	0	0	0	0	0	0	0	0	0	0	0	0	0	0	0	0	0	0	0	0	0	0	0	0	0	0	0	0	0	0	4	1	0	0	0	0	0	0	0	0	0	0	5	0	0	0	1	0	0	2	0	0	2	0	0	0	0	0	0	0	0	1	14	0	0	0	0	14	0	0	0	0	0	1	0	0	0	0	0	0	0	0	0	0	0	0	0	0	0	0	0	0	0	0	0	0	0	3	0	1	0	0	2	0	0	0	2	1	1	0	0	0	0	0	0	0	4	1	0	0	1	0	2	0	3	0	0	0	1	0	0	0	0	2	0	0	0	0	1	0	0	0	0	0	0	0	0	0	0	0	0	0	0	0	0	0	0	1	0	0	0	2	0	2	0	0	0	0	0	0	1	0	0	0	0	0	0	8	0	0	0	1	0	0	0	0	0	0	1	0	0	2	0	0	0	0	0	0	0	0	1	0	2	0	0	2	0	0	0	0	0	0	0	0	0	0	0	0	0	0	0	0	0	0	0	0	0	0	1	0	0	0	0	0	0	0	0	0	0	0	0	0	0	0	0	0	0	0	0	0	0	0	0	0	2	0	0	0	0	0	0	13	2	0	32	0	0	0	0	0	0	0	0	0
Troncais	10	4	413	Troncais104	infra	0	3	0	0	1	0	0	0	0	0	0	0	0	0	0	0	0	0	0	0	1	0	0	0	0	0	0	0	0	0	0	0	2	0	0	0	0	0	1	0	0	0	0	0	0	0	0	0	0	0	1	0	0	0	0	0	0	0	0	0	0	2	0	5	0	0	0	0	0	0	0	2	0	0	0	0	0	0	0	0	0	0	0	0	0	0	0	0	0	3	0	0	0	0	0	0	0	0	0	0	0	0	0	0	0	2	0	0	0	0	0	0	0	0	0	0	0	0	0	0	0	0	0	0	0	0	0	7	0	0	0	1	0	1	0	0	0	2	0	0	0	0	8	0	0	0	0	0	1	0	1	0	0	0	0	0	0	0	0	1	0	0	0	0	0	0	0	0	0	0	5	0	9	0	1	0	0	0	2	1	1	0	0	0	0	2	0	0	0	0	0	1	0	0	0	1	0	1	0	0	0	0	0	0	0	0	0	0	0	0	0	0	0	0	0	0	0	0	0	0	0	0	0	0	0	0	0	0	0	1	0	0	1	0	0	0	0	0	0	0	0	1	0	0	0	1	2	0	0	0	0	0	8	0	0	0	0	0	0	0	0	0	0	0	1	0	0	0	0	0	0	0	0	0	0	0	0	0	1	0	0	0	0	0	1	0	0	0	0	0	0	0	0	0	0	0	0	0	0	0	0	0	0	0	0	0	0	0	0	0	0	0	0	0	0	0	0	0	0	0	0	0	0	0	4	0	0	0	0	2	0	0	0	0	0	0	9	2	0	15	0	0	0	0	0	0	1	0	0
Vierzon	11	1	81	Vierzon111	supra	1	0	0	0	1	0	0	3	0	0	0	1	0	0	1	0	0	0	0	0	0	2	0	0	0	0	1	0	0	6	0	1	9	0	0	0	0	0	1	0	0	0	1	0	0	0	0	0	0	0	0	0	0	0	0	0	0	0	0	0	0	0	0	0	0	0	0	0	0	0	0	0	0	0	0	0	2	0	0	0	0	0	0	0	0	0	0	0	0	0	0	0	0	0	0	0	0	0	0	0	0	0	0	0	0	6	0	1	0	1	0	0	0	1	0	0	0	6	0	0	0	1	0	0	2	0	0	1	0	0	0	0	0	0	0	23	0	7	0	0	0	0	2	1	0	0	0	0	0	0	0	0	0	0	0	0	0	0	0	0	0	1	1	0	0	4	0	0	0	0	0	0	0	0	0	2	1	0	28	1	0	0	0	0	0	1	1	3	0	0	0	0	1	0	0	1	1	0	0	0	0	0	0	0	0	2	0	0	0	0	0	0	0	0	0	1	0	0	0	0	0	0	1	0	0	1	0	1	0	1	0	0	0	0	0	0	0	0	0	0	0	0	0	0	0	0	0	1	0	0	0	0	1	0	0	0	0	0	0	0	0	0	0	6	0	3	0	0	0	0	1	0	0	32	0	0	0	0	1	0	11	1	0	0	0	0	0	0	0	0	0	0	0	0	29	0	0	0	0	0	0	0	0	0	1	0	0	0	0	1	0	0	0	0	0	0	0	0	0	0	0	0	0	0	59	1	0	0	1	0	1	0	0	1	0	0	34	7	0	1	0	0	0	2	0	0	0	0	0
Vierzon	11	2	81	Vierzon112	intra.sup	1	0	0	0	9	2	0	41	0	0	0	0	0	0	0	0	0	0	0	0	0	0	1	0	0	0	0	3	1	2	0	0	5	0	2	0	0	0	2	0	0	0	0	0	0	0	0	0	0	0	0	0	0	0	0	0	1	0	0	0	0	0	0	0	0	1	0	0	0	0	0	2	3	1	0	0	2	1	0	0	0	3	0	0	0	0	0	0	0	0	0	0	0	0	0	0	0	0	0	0	0	0	0	0	0	1	1	2	0	0	0	0	0	0	0	1	0	4	0	0	0	2	5	1	3	0	0	4	11	0	1	0	1	1	0	63	1	4	0	0	0	0	0	1	0	0	0	0	0	0	0	0	0	0	0	0	0	0	0	0	1	0	1	0	1	3	0	0	0	0	1	0	1	0	0	0	19	0	2	0	0	0	1	1	6	0	1	0	0	0	0	1	2	0	0	1	3	0	0	0	0	0	0	9	0	0	0	0	0	0	0	0	0	0	0	0	0	0	0	0	0	0	0	0	0	0	0	0	0	0	0	0	2	0	0	0	0	0	1	0	0	0	0	0	0	0	1	2	5	0	0	1	6	0	0	0	1	0	0	4	0	0	0	6	1	0	0	0	0	0	0	1	0	134	0	0	0	1	0	0	4	1	0	0	0	0	0	0	1	0	0	0	0	0	59	0	0	0	0	0	1	0	0	1	0	0	0	0	0	0	0	0	0	0	0	0	0	0	1	0	0	0	0	0	96	0	0	0	0	0	0	0	0	0	0	0	18	0	0	10	0	0	0	1	0	0	0	0	0
Vierzon	11	3	81	Vierzon113	intra.inf	0	0	0	0	4	0	0	2	0	1	0	0	0	0	0	0	0	0	0	0	0	1	1	0	0	0	0	0	0	1	0	0	0	0	0	0	0	0	3	0	0	0	0	0	0	0	0	0	0	0	0	0	0	0	1	0	0	0	0	0	0	0	0	0	0	1	0	1	0	0	0	0	1	0	0	0	1	0	0	0	0	2	0	0	0	0	0	0	0	0	0	0	0	0	0	0	0	0	0	0	0	0	0	0	0	0	1	0	0	0	0	0	0	0	0	0	0	1	0	0	0	1	2	0	0	0	0	0	3	0	0	0	1	2	0	9	0	3	0	0	0	0	1	0	0	0	0	0	0	0	0	0	0	0	0	0	0	0	0	0	0	0	2	0	0	2	0	1	0	0	0	0	0	0	1	0	1	0	1	0	0	0	0	0	1	1	0	0	0	0	0	0	3	0	0	0	0	0	0	0	0	0	0	3	0	0	0	0	0	0	0	0	0	1	0	0	0	0	0	0	0	0	0	0	0	1	0	0	0	0	0	0	0	0	0	0	3	0	1	0	0	0	0	0	0	0	1	2	3	0	0	2	6	0	0	1	0	0	0	1	0	0	0	3	0	0	0	0	0	0	0	0	0	3	0	0	0	1	1	0	0	0	0	0	0	0	0	0	1	0	0	0	0	0	38	0	0	0	0	0	0	0	0	0	0	0	0	0	0	0	0	0	0	0	0	0	0	0	0	0	0	0	0	0	25	0	0	0	0	0	0	0	0	0	0	0	39	1	0	36	0	0	0	0	0	0	0	0	0
Vierzon	11	4	81	Vierzon114	infra	0	2	1	2	0	1	0	2	0	0	0	0	0	0	0	0	0	0	0	0	0	1	1	0	4	0	0	0	0	2	0	0	1	0	0	0	0	0	0	0	0	0	0	0	0	0	0	0	0	0	0	0	0	0	0	0	0	0	0	0	0	0	0	0	0	1	0	0	0	0	0	2	2	1	0	0	1	0	0	1	1	0	0	0	0	0	0	0	1	0	0	0	0	0	0	0	0	1	0	0	0	0	0	0	0	1	0	0	0	0	0	0	0	0	0	0	0	0	0	0	0	2	0	0	0	0	0	1	0	0	1	0	0	0	0	1	0	0	0	0	0	0	1	0	0	0	0	0	0	0	0	0	0	0	0	0	0	0	0	0	0	0	0	0	0	0	0	1	0	0	1	0	1	0	0	0	1	0	1	0	0	0	2	0	1	0	0	1	0	0	0	1	1	0	0	0	2	0	0	0	0	0	0	2	0	0	0	0	0	0	2	0	0	1	0	0	0	1	0	0	0	0	0	0	0	2	0	0	0	0	0	0	0	0	0	0	0	0	0	0	0	0	0	0	0	0	1	1	6	1	0	0	4	0	0	0	6	0	1	0	0	0	0	4	0	0	0	0	0	0	0	0	0	2	0	0	0	0	0	0	0	1	0	0	0	0	0	0	0	0	0	0	0	0	37	0	0	0	0	0	0	0	0	1	0	0	0	0	0	0	0	0	0	0	0	0	0	0	1	0	0	0	0	0	9	0	0	0	0	0	0	1	0	0	0	0	32	3	0	11	0	0	0	0	0	1	0	0	0
Vierzon	12	1	22	Vierzon121	supra	0	0	0	0	1	0	0	9	0	0	0	0	0	0	1	0	0	0	0	1	0	1	0	0	0	0	1	2	0	17	0	0	2	0	0	0	0	0	1	0	0	0	2	0	0	0	0	0	0	0	0	0	0	0	0	0	0	0	0	0	0	0	0	0	0	4	0	0	0	0	0	0	0	1	0	0	3	0	0	0	0	0	0	0	0	0	0	0	0	0	0	0	0	0	0	0	0	0	0	0	0	0	0	0	0	3	0	0	0	0	0	0	0	2	0	0	0	10	0	0	0	0	0	0	11	0	0	1	1	0	0	0	0	0	0	18	0	7	0	0	0	0	23	0	0	0	0	0	0	0	0	0	0	0	0	0	0	0	0	0	0	0	7	1	0	3	0	0	0	0	1	0	3	1	0	2	0	0	4	1	0	0	0	0	8	0	0	0	0	0	1	0	0	0	0	0	0	0	0	0	0	0	0	1	0	1	0	0	0	0	0	0	0	1	0	0	0	0	0	0	0	0	0	0	0	0	0	0	0	0	0	0	1	0	0	0	0	0	0	0	0	0	0	0	0	0	0	0	0	0	0	0	2	1	0	0	0	0	0	0	0	0	0	1	0	0	0	0	0	0	1	0	0	11	0	0	0	1	3	0	19	0	0	0	0	0	0	0	0	0	0	0	1	0	25	0	0	0	0	0	0	0	4	0	0	0	0	0	0	0	0	0	0	0	0	0	0	0	0	0	0	0	0	0	12	0	0	0	0	0	0	0	0	0	0	0	21	3	0	1	0	0	1	1	0	0	0	0	0
Vierzon	12	2	22	Vierzon122	intra.sup	0	3	0	1	0	1	0	12	0	0	0	0	0	0	1	0	0	0	0	0	0	1	0	0	1	0	0	4	0	4	0	0	1	0	0	0	0	0	1	0	0	0	1	0	0	0	0	1	0	0	0	0	0	0	0	0	0	0	0	0	0	0	0	0	0	3	0	0	0	0	0	0	0	0	0	0	0	0	0	0	0	1	0	0	0	0	0	0	0	0	0	0	0	0	0	0	0	0	0	0	0	0	0	0	0	2	0	0	0	0	0	0	0	1	0	0	0	1	0	0	0	1	4	0	5	0	0	1	4	0	0	0	2	0	0	5	0	11	0	0	0	0	6	0	0	0	0	0	0	0	0	0	0	0	0	0	0	0	0	0	3	0	0	0	0	0	1	0	0	0	1	0	1	0	0	0	0	0	2	0	0	0	1	4	7	3	0	0	0	0	1	1	1	0	0	0	0	0	0	0	0	0	0	1	0	0	0	0	1	0	0	0	0	0	0	0	0	0	0	0	0	0	0	0	0	0	0	0	0	0	1	0	0	0	0	0	0	0	2	0	0	1	0	0	0	0	2	0	3	0	0	0	2	0	0	0	1	0	0	0	1	0	0	3	1	1	1	0	0	0	0	0	0	6	0	1	0	8	2	0	0	0	0	0	0	0	2	0	1	0	0	1	1	0	124	0	1	0	0	0	1	0	0	1	0	0	0	0	0	0	0	0	0	0	1	0	0	0	0	0	0	0	0	0	13	0	0	0	0	0	0	0	0	0	0	0	11	1	0	30	0	0	0	0	0	0	0	0	0
Vierzon	12	3	22	Vierzon123	intra.inf	0	3	0	0	2	0	0	2	0	0	0	0	0	0	0	0	0	1	0	0	0	1	0	1	0	0	0	1	0	2	0	0	0	0	0	0	0	0	1	0	0	0	0	0	0	0	0	0	0	0	1	0	0	0	0	0	0	0	0	0	0	0	0	3	0	0	0	0	0	0	0	0	0	0	0	0	1	2	0	0	0	1	0	0	0	0	0	0	0	0	0	0	0	0	0	0	0	0	0	0	0	0	0	0	0	0	0	0	0	0	0	0	0	0	0	0	0	0	0	0	0	0	0	0	1	0	0	4	0	0	0	0	0	0	0	0	0	3	0	0	0	0	4	0	0	0	0	0	0	0	0	0	0	0	0	0	0	0	0	0	0	0	0	0	0	0	0	0	0	0	0	0	0	0	1	0	0	0	3	0	0	0	0	3	0	0	0	0	0	0	0	1	0	0	0	1	0	0	0	0	0	0	0	0	3	0	0	0	0	0	0	0	0	0	0	0	0	0	0	0	0	0	0	0	0	0	0	0	0	1	0	0	0	0	0	0	0	0	2	0	0	0	0	0	0	0	0	0	0	0	0	1	2	0	0	1	1	0	0	0	0	0	2	4	0	0	0	0	0	0	0	0	0	0	0	1	1	0	10	0	0	0	0	0	0	0	1	0	0	0	0	0	0	0	224	0	0	0	0	0	2	0	0	0	0	0	0	0	0	0	0	0	0	0	0	0	0	0	0	0	0	0	0	0	0	0	0	0	0	0	0	0	0	0	0	0	16	1	0	18	0	0	0	0	0	0	1	0	0
Vierzon	12	4	22	Vierzon124	infra	0	1	0	1	0	0	0	2	0	0	0	0	0	0	0	0	0	0	0	0	0	0	0	0	1	0	0	0	0	0	0	0	0	0	0	0	0	0	0	0	0	0	0	0	0	0	0	0	0	0	1	0	0	0	0	0	0	0	0	0	0	1	0	2	0	0	0	0	0	0	0	0	0	0	0	0	1	1	0	0	0	1	0	0	0	0	0	0	0	0	0	0	0	0	0	0	0	0	0	0	0	2	0	0	0	0	0	0	0	0	0	0	0	0	0	0	0	0	0	0	0	1	0	0	0	0	0	4	0	0	0	0	1	1	0	3	0	1	0	0	0	1	13	0	1	0	0	0	0	0	0	0	0	1	0	0	0	0	0	0	0	0	0	0	0	0	0	0	0	1	1	0	1	0	0	0	1	0	3	0	0	1	0	2	2	2	0	0	0	0	1	1	0	0	0	0	0	0	0	0	0	0	0	0	7	0	0	0	0	0	0	0	0	0	0	0	1	0	0	1	0	0	0	0	0	2	0	0	0	1	0	0	0	0	0	0	1	0	2	0	0	0	0	0	1	1	0	0	1	0	0	0	3	0	0	0	1	0	0	0	0	2	1	9	0	0	0	0	1	0	0	0	0	0	0	0	0	1	29	0	0	0	0	0	0	0	0	0	0	0	0	0	0	0	228	0	0	0	0	0	0	0	0	0	0	0	0	0	0	0	0	0	0	0	0	0	0	0	0	0	0	0	0	0	0	1	0	0	0	0	0	0	0	0	0	0	20	5	0	15	0	0	0	0	0	0	0	0	0
Vierzon	13	1	63	Vierzon131	supra	0	0	0	0	4	4	1	0	0	0	0	0	0	3	0	0	0	0	0	0	0	1	0	0	0	0	0	13	1	13	0	2	2	0	0	0	1	0	0	0	0	0	1	0	0	0	0	0	0	0	0	0	0	0	0	0	0	0	0	0	1	0	0	0	0	0	0	0	0	0	0	2	2	0	0	0	4	1	0	0	0	1	0	0	0	0	0	0	0	0	0	0	0	0	0	0	0	0	0	1	0	0	0	0	0	9	0	0	0	0	0	0	0	0	0	0	0	5	0	0	0	0	3	1	7	0	0	16	1	0	0	0	0	0	0	20	0	11	0	0	0	0	13	0	0	0	0	0	0	0	0	0	0	0	0	0	0	0	0	0	0	1	4	0	4	1	1	0	0	0	1	0	0	0	0	1	8	0	49	0	0	0	0	0	12	0	0	0	0	0	4	0	1	0	0	0	1	0	0	0	0	0	0	0	0	0	0	1	0	0	0	0	0	0	0	2	0	0	0	0	0	0	0	1	0	0	0	0	0	3	0	0	0	0	0	0	0	0	0	1	0	0	0	0	0	0	0	0	0	0	0	0	4	0	0	0	0	0	0	0	0	0	0	0	0	0	0	0	0	1	2	0	0	30	0	0	0	0	2	0	3	0	0	0	0	0	0	0	0	0	0	0	2	0	20	0	0	0	0	0	1	0	2	0	0	0	0	0	0	0	0	0	0	0	0	0	0	0	0	0	0	0	0	0	69	1	0	0	0	0	0	0	0	0	0	0	24	4	0	1	0	0	0	2	0	0	0	0	0
Vierzon	13	2	63	Vierzon132	intra.sup	0	0	0	3	7	0	0	0	0	0	0	0	0	0	0	0	0	0	0	0	0	0	0	0	0	0	1	18	4	1	0	0	0	0	1	0	0	0	1	0	0	0	0	0	0	0	0	1	0	0	0	0	0	0	0	0	0	0	0	0	0	0	0	0	0	2	0	0	0	0	0	0	1	0	0	1	1	6	0	0	0	3	0	0	0	0	1	0	0	0	0	0	0	0	0	0	0	1	0	0	0	0	0	0	0	1	0	0	0	0	0	0	0	0	0	0	0	0	0	0	0	3	10	3	3	0	0	32	4	0	0	0	2	12	0	14	1	3	0	0	0	0	0	0	0	0	0	0	0	0	0	0	0	0	0	1	0	0	0	0	1	0	5	0	1	0	0	0	0	0	6	8	1	0	1	0	8	0	14	0	0	0	0	1	5	1	0	0	0	0	0	0	3	0	0	0	4	0	0	3	0	0	0	11	0	0	1	1	0	0	0	0	0	2	0	0	0	0	0	0	0	0	0	0	0	2	0	0	0	3	0	0	0	0	0	0	0	0	1	0	0	0	0	0	0	0	3	1	3	0	0	0	8	0	0	0	1	0	0	1	0	0	0	3	0	0	0	0	0	0	0	0	1	34	0	0	2	0	2	0	2	1	1	0	1	0	2	0	1	0	0	0	1	0	8	0	0	0	0	0	7	0	0	0	0	0	0	0	0	0	0	0	0	0	1	0	0	0	0	0	0	0	0	0	65	0	0	0	0	0	1	0	0	0	0	0	10	0	0	1	0	0	0	0	0	0	0	0	0
Vierzon	13	3	63	Vierzon133	intra.inf	0	0	0	0	0	0	0	0	0	0	0	0	0	0	0	0	0	0	0	0	0	0	0	0	0	0	0	5	0	0	0	0	0	0	0	0	0	0	0	0	0	0	0	0	0	0	0	0	0	0	0	0	0	0	0	1	0	1	0	0	0	0	0	0	0	0	0	0	0	0	1	0	0	0	0	0	2	3	0	0	0	0	0	0	0	0	0	0	1	0	0	0	0	0	0	0	0	0	0	0	0	0	0	0	0	0	2	0	0	0	0	0	0	0	0	0	0	0	0	0	0	0	4	0	1	0	0	1	0	0	0	0	5	7	0	6	0	1	0	0	0	0	0	0	0	0	0	0	0	0	0	0	0	0	0	0	0	0	0	0	0	0	0	0	0	1	0	0	0	0	0	0	0	0	2	0	0	0	5	0	0	0	1	0	0	0	0	0	0	0	0	0	2	0	0	0	0	0	0	0	0	0	0	0	0	0	0	1	2	0	0	0	0	1	0	0	0	0	0	0	0	0	0	0	0	2	0	0	0	0	0	0	0	0	0	0	1	0	0	0	0	0	0	0	0	0	0	0	2	0	0	0	1	0	0	0	0	0	0	0	0	0	0	0	0	0	0	0	0	0	0	0	0	3	0	0	0	0	10	0	0	0	0	0	0	0	0	0	0	0	0	0	0	0	24	0	0	0	0	0	0	0	0	0	0	0	0	0	0	0	0	0	0	0	0	0	0	0	0	0	0	0	0	0	2	0	0	0	0	0	0	0	0	0	0	0	3	0	0	14	0	0	0	0	0	0	0	0	0
Vierzon	13	4	63	Vierzon134	infra	0	0	0	0	0	0	0	0	0	0	0	0	0	1	0	0	0	0	0	0	1	0	0	0	0	1	0	5	0	0	0	0	0	0	0	0	0	0	0	0	0	0	0	0	0	0	0	0	0	0	0	0	0	0	0	1	0	0	0	0	0	0	0	1	0	0	0	1	0	0	1	1	0	0	0	0	0	10	0	0	0	0	0	0	0	0	0	0	0	0	0	0	0	0	0	0	0	2	0	0	0	0	0	0	0	0	2	0	0	0	0	0	0	0	0	0	0	0	0	0	0	0	0	0	0	0	0	4	0	0	0	0	0	2	0	11	0	0	0	0	0	0	1	0	0	0	0	0	0	0	0	0	0	0	0	0	0	0	0	0	0	0	0	0	0	1	0	0	0	1	0	0	0	0	2	0	0	0	1	0	0	0	0	0	0	0	0	0	0	0	0	0	1	0	0	0	0	0	0	0	0	0	0	0	0	0	0	0	0	0	0	0	0	1	0	0	0	0	0	0	0	0	0	0	0	0	0	0	0	0	0	0	0	0	0	1	0	0	0	0	0	0	0	0	0	0	1	0	2	0	0	0	1	0	0	0	0	0	0	0	0	0	0	0	0	0	0	0	0	0	0	0	0	0	0	0	0	0	9	0	0	0	1	0	0	0	0	0	0	0	0	0	0	0	18	0	0	0	0	0	1	0	0	0	0	0	0	0	0	0	1	0	0	1	0	0	0	0	0	0	0	0	0	0	0	0	0	0	0	0	0	0	0	0	0	0	2	0	0	3	0	0	0	0	0	0	0	0	0
Vierzon	14	1	71	Vierzon141	supra	0	0	0	0	2	2	0	7	1	0	0	1	0	0	1	0	0	0	0	1	0	0	0	0	0	0	0	0	0	0	0	1	5	0	0	0	0	0	1	0	0	0	3	0	0	0	0	0	0	0	0	0	0	0	0	0	0	0	0	0	0	0	0	0	0	0	0	0	0	0	0	0	0	1	0	0	2	0	0	0	0	2	0	0	0	0	0	0	0	0	0	0	0	0	1	0	0	0	0	0	0	0	0	0	1	5	0	0	0	0	0	0	0	0	0	1	0	12	0	0	0	0	0	0	4	0	0	0	0	0	0	0	0	0	0	7	0	2	0	0	0	0	7	0	0	0	0	0	0	0	0	0	0	0	0	0	0	0	0	0	0	1	0	0	0	3	0	0	0	0	0	0	4	0	0	1	0	0	7	0	1	0	0	0	0	0	0	1	0	0	0	0	1	0	0	0	0	0	0	0	0	0	0	4	0	0	0	0	0	0	0	0	0	1	0	0	0	0	0	0	0	0	0	0	0	1	0	0	0	0	0	0	2	0	0	0	0	0	0	0	0	0	1	0	1	0	0	0	0	0	0	0	2	0	0	0	0	2	0	0	0	0	0	7	1	0	0	0	0	1	0	0	0	9	0	0	0	0	0	0	2	0	0	0	0	0	0	0	0	0	0	0	2	0	6	0	0	1	0	0	0	0	2	0	0	0	0	0	0	0	0	0	0	0	0	0	0	0	0	0	1	0	0	0	21	1	0	0	1	0	0	0	0	0	0	0	28	1	0	2	1	0	0	1	0	0	0	0	0
Vierzon	14	2	71	Vierzon142	intra.sup	1	3	0	1	2	5	0	90	0	0	0	0	0	0	0	0	0	0	0	0	0	1	11	0	0	0	0	3	0	1	0	4	10	0	2	0	0	0	6	0	0	0	0	0	0	0	0	0	0	1	0	1	0	0	1	0	0	0	0	0	0	0	0	0	0	0	0	0	0	0	0	1	0	1	0	1	1	0	0	0	0	1	0	0	0	0	0	0	0	0	0	0	0	0	0	0	0	0	0	0	0	0	0	0	0	1	0	0	0	0	0	0	0	0	0	0	0	17	0	0	0	4	2	1	4	0	1	1	4	0	2	0	0	0	0	9	7	20	0	0	0	0	19	0	0	0	0	0	0	0	0	0	0	0	0	0	0	0	0	0	4	0	2	2	0	3	0	0	0	0	1	0	0	0	1	0	16	0	4	0	0	0	0	0	3	11	1	1	0	0	0	0	2	0	0	0	0	0	0	0	0	0	0	14	0	0	0	0	0	0	0	0	0	1	0	0	0	0	0	0	0	0	0	0	0	2	0	0	0	0	0	0	0	0	0	0	1	0	0	0	0	0	0	0	0	0	0	0	6	0	0	0	9	0	0	0	0	0	0	1	0	0	0	7	2	0	0	0	0	1	0	0	0	13	0	0	0	7	0	0	20	0	0	0	0	0	0	0	1	0	0	0	0	0	3	0	0	0	0	0	0	0	0	1	0	0	0	0	0	0	0	0	0	0	0	0	0	0	1	0	0	0	0	0	24	0	0	0	0	0	0	0	1	0	0	0	31	1	0	11	0	0	0	2	0	0	0	1	0
Vierzon	14	3	71	Vierzon143	intra.inf	0	24	0	3	2	3	0	1	0	1	0	0	0	0	0	0	0	0	0	0	0	0	1	0	0	0	0	0	0	1	3	1	7	0	1	0	0	0	6	0	0	0	0	0	0	0	0	0	0	0	0	0	0	0	0	0	0	0	0	0	0	1	0	1	0	0	0	1	0	0	0	2	0	2	0	0	0	0	0	0	0	0	0	0	0	0	0	0	0	3	0	0	0	0	0	1	0	0	0	0	0	0	0	0	0	1	0	0	0	0	0	0	0	0	0	0	0	1	0	0	0	0	5	0	2	0	1	1	0	0	2	1	0	0	0	3	2	22	0	1	0	0	4	1	2	0	0	0	0	0	0	0	0	0	0	0	0	0	0	0	0	0	0	0	0	0	0	1	0	0	2	0	0	0	0	0	3	1	6	0	1	0	0	0	2	12	0	0	0	0	0	3	4	0	0	0	0	1	0	0	0	0	0	1	0	0	0	1	0	0	0	0	0	1	0	0	0	0	0	0	0	0	0	0	0	1	0	0	0	0	0	0	0	0	0	0	3	1	2	1	1	0	0	0	0	0	0	0	7	0	0	0	4	0	0	0	2	0	0	2	0	0	2	8	1	1	0	0	0	0	0	0	0	0	0	0	1	2	0	0	6	0	0	0	0	0	2	0	2	0	0	0	0	0	4	0	1	0	0	0	0	0	0	1	0	0	0	0	0	0	1	0	0	0	0	0	0	1	1	0	0	0	0	0	2	0	0	0	0	0	0	1	0	0	1	0	101	6	0	65	0	0	0	0	0	0	1	0	1
Vierzon	14	4	71	Vierzon144	infra	0	34	0	4	1	5	0	2	0	0	0	0	0	0	0	0	1	0	0	0	1	0	1	0	0	0	0	0	0	0	0	0	5	0	0	0	0	0	0	0	0	0	0	0	0	0	0	1	0	0	1	0	0	0	0	0	0	0	0	0	0	2	0	2	0	0	0	1	0	0	0	0	0	0	0	1	0	1	0	0	0	0	0	0	0	0	0	0	0	3	0	0	0	0	0	0	0	0	0	0	0	0	0	0	0	1	3	0	1	0	0	0	0	0	0	0	0	0	0	0	0	0	0	0	0	0	0	0	0	0	2	0	1	0	0	0	0	1	0	0	0	0	2	0	0	0	0	0	0	0	0	0	0	0	0	0	0	0	0	0	0	0	0	0	0	0	0	0	0	0	2	0	2	0	0	0	0	0	8	0	0	0	0	1	0	11	0	3	0	0	0	0	3	0	0	0	0	1	0	0	0	0	0	0	0	0	0	0	0	0	0	0	0	0	0	0	7	1	0	0	0	0	0	0	0	2	0	0	0	0	0	0	0	0	0	0	0	0	0	0	0	0	0	0	0	0	0	0	4	0	0	0	3	0	0	1	6	0	0	0	0	2	0	1	2	0	0	0	0	0	0	0	0	0	0	0	0	0	0	0	0	0	0	0	0	0	0	0	0	0	0	1	0	0	2	0	0	0	0	0	0	0	0	2	0	0	0	0	0	0	0	0	0	0	0	0	0	0	2	0	0	0	0	0	0	1	0	0	0	0	0	0	0	0	0	0	36	6	0	15	0	0	0	0	0	0	0	0	0
Vierzon	15	1	170	Vierzon151	supra	0	0	0	0	3	0	0	0	0	0	0	0	0	0	2	0	0	0	0	0	0	0	0	0	0	0	1	1	0	0	0	0	2	0	0	0	0	0	0	0	0	0	1	0	0	0	1	1	0	0	0	0	0	0	0	0	0	0	0	0	0	0	0	0	0	0	0	0	0	0	0	1	0	0	0	0	1	0	0	0	0	0	0	0	0	0	0	0	0	0	0	0	1	0	0	0	0	0	0	0	0	0	0	0	0	1	0	0	0	0	0	0	0	0	0	0	0	4	0	0	0	0	0	0	1	0	0	0	0	0	0	0	0	0	0	4	0	1	0	0	0	0	14	0	0	0	0	0	0	0	0	0	0	0	0	0	0	0	0	0	0	0	0	0	0	2	2	0	0	0	0	0	0	0	0	0	0	0	3	0	0	0	0	0	0	0	0	2	0	0	0	0	0	0	0	0	0	1	0	0	0	0	0	0	0	0	0	0	0	0	0	0	0	0	0	0	0	0	0	0	0	0	0	0	0	0	0	0	0	1	0	0	0	0	0	0	0	0	0	0	0	0	0	0	0	0	0	0	0	0	0	0	1	0	0	0	0	0	0	0	0	0	0	1	0	0	0	0	0	0	2	0	0	2	0	0	0	0	0	0	27	1	0	0	0	0	0	0	0	0	0	0	1	0	4	0	0	0	0	0	0	0	3	0	0	0	0	0	0	0	0	1	0	0	0	0	0	0	0	0	0	0	0	0	7	0	1	0	0	0	0	0	0	0	0	0	7	0	0	3	0	0	0	4	0	0	0	0	0
Vierzon	15	2	170	Vierzon152	intra.sup	0	1	0	2	11	1	0	13	0	0	0	0	0	0	1	0	0	0	2	0	0	1	9	0	0	0	0	3	0	5	0	0	1	0	0	0	0	0	2	0	0	0	1	0	0	0	0	0	0	0	0	0	0	0	0	0	0	0	0	0	0	0	0	0	0	2	0	0	0	0	0	2	1	1	0	0	1	2	0	0	0	4	0	0	0	0	0	0	0	0	0	0	0	0	0	0	0	0	0	0	0	1	0	0	0	2	0	0	0	0	0	0	1	0	0	0	1	0	0	0	0	3	1	11	2	0	0	12	15	0	0	0	2	2	0	13	1	2	0	0	0	0	4	0	0	0	0	0	0	0	0	0	0	0	0	0	0	0	1	0	0	1	5	1	0	2	0	0	0	0	4	0	0	0	3	0	3	0	9	0	0	0	0	2	12	2	1	1	0	0	2	0	1	0	0	0	0	0	0	0	0	0	0	4	0	0	0	1	0	0	0	0	0	1	0	1	0	0	0	0	0	0	1	0	0	0	0	0	0	1	0	0	1	0	0	0	0	0	1	0	0	0	1	0	0	0	4	0	0	0	0	0	1	0	0	0	0	0	0	1	0	0	0	1	1	0	0	0	0	1	0	1	0	2	0	0	0	1	0	0	28	0	0	0	0	0	2	0	0	0	0	0	2	0	2	0	0	0	0	0	2	0	0	0	0	0	0	0	0	0	0	0	0	0	0	0	0	0	0	0	0	0	0	0	11	1	0	0	0	0	0	0	0	0	1	0	13	2	0	1	0	0	0	0	0	0	0	0	1
Vierzon	15	3	170	Vierzon153	intra.inf	0	0	0	4	8	0	0	1	0	0	0	1	0	0	0	1	0	0	0	1	0	1	0	0	1	0	0	0	0	1	0	0	2	0	0	0	0	0	1	0	0	0	0	0	0	0	0	0	0	0	0	0	0	0	0	0	0	0	0	0	0	0	0	0	0	1	2	0	0	0	0	1	0	0	0	0	1	1	0	0	1	1	1	0	0	0	0	0	2	0	0	0	0	0	0	0	0	0	0	0	0	0	0	0	0	0	0	0	0	1	0	0	0	0	0	0	0	1	0	0	0	1	0	0	0	0	1	0	0	0	0	0	1	0	0	3	0	1	0	0	0	0	4	0	0	0	0	0	0	0	0	0	0	0	0	0	0	0	1	0	0	0	1	0	0	2	1	0	0	0	5	0	1	0	1	0	0	0	2	0	1	0	0	1	3	0	0	0	0	0	0	0	3	0	0	0	1	0	0	0	0	0	0	1	0	0	0	0	0	0	0	0	0	0	0	0	0	0	0	0	0	0	0	0	0	2	0	0	0	0	0	0	0	0	0	0	1	0	0	0	0	0	0	0	0	0	0	1	1	0	0	0	2	0	1	0	5	0	0	0	1	0	1	1	0	0	0	0	0	0	0	0	0	0	0	0	0	1	0	0	0	0	0	0	0	0	0	0	0	0	0	0	1	0	3	0	0	0	0	0	0	0	0	0	0	0	0	0	0	0	0	0	0	0	0	0	0	0	0	0	0	0	0	0	0	0	0	0	0	0	0	1	0	0	0	0	10	1	0	22	0	0	0	1	0	0	0	0	0
Vierzon	15	4	170	Vierzon154	infra	0	0	0	1	1	1	0	1	0	1	0	0	0	0	0	0	0	0	0	0	0	2	0	0	3	0	0	0	0	0	0	0	0	0	0	0	0	0	0	0	0	0	0	0	0	0	0	2	0	0	0	0	0	0	0	0	0	0	0	0	0	1	0	1	0	0	0	0	0	0	0	2	0	0	0	0	0	0	0	0	0	0	0	0	0	0	0	0	3	0	0	0	0	0	0	1	0	0	0	0	0	0	0	0	0	0	1	0	0	0	0	0	0	0	0	0	0	0	0	0	0	1	0	0	0	0	0	2	0	0	0	0	0	0	0	1	0	1	0	0	0	0	1	0	1	0	0	0	0	0	0	0	0	0	0	0	1	0	1	0	0	0	1	1	0	0	0	0	0	0	6	0	0	0	1	0	1	0	2	0	0	1	0	2	2	0	0	0	0	0	0	0	0	0	0	0	0	0	0	0	0	0	0	0	2	0	0	0	0	0	0	0	0	1	0	0	0	0	0	0	0	0	0	0	0	4	0	0	0	1	0	0	0	0	0	0	1	0	0	0	0	0	0	0	0	0	0	0	0	0	0	0	3	0	0	0	3	0	0	1	0	2	0	2	0	0	0	0	0	0	0	0	0	0	0	0	0	0	1	0	0	0	0	0	0	0	1	0	1	0	0	1	0	0	3	0	0	0	0	0	0	0	0	0	0	0	0	0	0	0	0	0	0	0	1	0	0	0	0	0	0	0	0	0	0	0	0	0	0	0	1	0	0	0	0	0	4	0	0	10	0	0	0	0	1	0	0	0	0
Vierzon	16	1	179	Vierzon161	supra	0	0	0	0	0	0	0	7	0	0	0	0	0	0	1	0	0	0	0	0	0	2	0	0	0	0	0	2	0	17	0	0	3	0	0	0	0	0	5	0	0	0	1	0	0	0	0	0	0	0	0	0	0	0	0	0	0	0	0	0	0	0	0	0	0	3	0	0	0	0	0	0	0	32	0	0	1	0	0	0	0	2	0	0	0	0	0	0	0	0	0	0	0	0	0	0	0	0	0	0	0	0	0	0	1	5	0	0	0	0	0	0	0	0	0	0	0	6	0	1	0	3	0	3	1	0	0	1	1	0	0	0	0	0	0	12	0	7	0	0	0	0	21	0	0	0	0	0	0	0	0	0	0	0	0	0	0	0	0	0	0	0	7	1	0	2	0	0	1	0	1	0	2	0	0	0	7	0	15	0	0	0	1	0	0	3	0	0	0	0	1	0	0	0	1	0	0	0	0	0	0	0	0	0	0	0	0	0	0	0	0	0	0	0	0	0	0	0	0	0	0	0	0	0	0	0	0	0	0	0	0	0	1	0	0	0	0	0	0	0	0	0	0	0	0	0	0	0	0	0	0	0	1	0	0	0	0	0	0	0	0	0	0	0	1	0	0	0	0	0	1	0	0	20	0	0	0	2	1	0	8	0	0	0	0	0	1	0	0	0	0	0	2	0	6	1	0	0	0	0	0	0	1	0	0	1	0	0	0	0	0	0	0	0	0	0	0	0	0	0	0	1	0	0	18	0	1	0	0	0	0	0	0	0	0	0	10	1	1	2	0	0	0	0	0	0	0	0	0
Vierzon	16	2	179	Vierzon162	intra.sup	0	4	0	0	2	0	0	17	0	0	0	0	0	0	0	0	0	0	0	0	0	5	2	0	0	0	1	7	0	9	0	0	0	0	0	0	0	0	12	0	1	0	1	0	0	0	0	0	0	0	0	1	0	0	0	0	0	0	0	0	0	0	0	0	0	9	0	0	0	0	0	1	0	3	0	0	2	0	0	0	0	13	0	0	0	0	0	0	0	0	0	0	0	0	0	0	0	0	0	0	0	0	0	0	0	3	0	0	0	0	0	0	0	0	0	0	0	1	0	0	0	16	10	4	4	0	0	9	14	0	0	3	0	7	1	40	2	23	0	0	0	0	10	1	0	0	0	0	0	0	0	0	0	1	0	0	0	0	4	0	2	0	1	0	1	8	0	4	0	0	0	0	1	0	3	0	97	0	17	0	0	1	0	1	16	3	1	0	0	0	0	0	4	0	0	0	0	0	0	0	0	0	0	7	0	0	0	1	0	0	0	0	0	0	0	0	0	0	0	0	0	0	0	0	0	3	0	0	0	0	0	0	1	0	0	0	2	0	0	0	0	0	0	0	0	0	0	0	5	0	0	0	9	0	0	0	0	0	0	1	0	0	0	3	0	0	0	0	0	0	0	0	0	139	0	0	0	13	1	0	5	0	0	0	0	0	0	0	0	0	0	0	0	0	33	0	0	0	0	0	1	0	0	2	0	0	0	0	0	0	0	0	0	0	0	0	0	0	0	0	0	0	0	0	39	0	0	0	0	0	0	0	0	0	0	0	7	0	0	8	0	0	0	0	0	0	0	0	0
Vierzon	16	3	179	Vierzon163	intra.inf	0	1	0	0	1	1	0	1	0	0	0	0	0	0	0	0	0	0	0	0	0	0	0	0	0	0	0	0	0	2	0	0	2	0	0	0	0	0	6	0	0	0	0	0	0	0	0	1	0	0	0	0	0	0	0	0	0	0	0	0	0	0	0	0	0	1	0	0	0	0	0	0	0	0	0	0	0	0	0	0	0	0	0	0	0	0	0	0	0	0	0	0	0	0	0	0	0	0	0	0	0	0	0	0	0	0	0	0	0	0	0	0	0	0	0	0	0	2	0	0	0	0	2	0	0	0	0	2	0	0	0	2	0	0	0	1	1	23	0	0	0	0	5	0	0	0	1	0	0	0	0	0	0	0	0	0	0	0	0	0	0	0	1	0	0	0	0	1	0	0	2	0	0	0	0	0	0	0	6	0	0	0	0	2	0	0	0	0	0	0	1	0	0	0	0	0	0	0	0	0	0	0	1	1	0	0	0	0	0	0	0	0	0	0	0	1	0	0	0	0	0	0	0	0	0	4	0	0	0	0	0	0	1	0	0	0	3	0	0	0	0	1	0	0	0	0	0	0	2	0	0	0	1	0	2	0	0	0	0	0	0	0	0	1	0	0	0	0	0	0	0	0	0	1	0	1	0	0	0	0	0	0	0	0	0	0	1	0	0	0	0	0	0	0	3	0	0	0	0	0	0	0	0	1	0	0	0	0	0	0	0	0	0	0	0	0	0	0	0	0	0	0	0	0	0	0	0	0	0	0	0	0	0	0	0	0	7	1	0	18	0	0	0	0	0	0	0	0	0
Vierzon	16	4	179	Vierzon164	infra	0	1	0	1	2	1	0	0	0	0	0	0	0	0	0	0	0	0	0	0	0	1	2	0	0	0	0	1	0	5	0	0	1	0	1	0	0	0	4	0	0	0	0	0	0	0	0	0	0	0	0	0	0	0	0	0	0	0	0	0	0	1	0	0	0	1	0	1	0	0	0	2	0	0	0	0	0	3	0	0	0	1	0	0	0	0	0	0	0	1	0	0	0	0	0	0	0	0	0	1	0	0	0	0	0	0	2	0	0	0	0	0	0	0	0	0	0	1	0	0	1	2	0	0	0	0	0	5	0	0	0	0	4	2	0	9	0	5	0	0	0	0	11	0	4	0	0	0	0	0	0	0	0	0	0	2	0	0	1	0	0	0	0	0	0	1	0	0	1	0	8	0	0	0	2	0	3	0	11	0	1	0	0	4	2	2	0	0	0	0	0	1	0	0	0	0	1	0	0	0	0	0	0	1	0	0	0	0	0	1	0	0	0	1	0	1	0	0	1	0	0	0	0	0	0	1	0	0	0	0	0	0	0	0	0	0	2	0	0	0	1	0	0	0	0	0	0	1	1	0	0	8	0	1	1	0	2	0	1	2	0	0	0	6	0	0	0	0	0	0	0	0	0	7	0	4	0	2	2	0	1	0	1	0	0	0	0	0	3	0	0	0	1	1	36	0	0	0	0	0	2	0	0	2	0	0	0	0	0	0	0	0	0	0	0	0	0	0	0	0	0	0	0	0	2	0	0	0	0	0	0	0	0	0	0	0	13	1	0	28	0	0	0	1	0	0	0	0	0
Vierzon	17	1	236	Vierzon171	supra	0	0	0	0	6	1	0	51	0	0	0	0	0	0	2	0	0	0	0	0	0	1	0	0	0	0	1	4	0	10	0	0	1	0	0	0	0	0	1	0	1	0	1	0	0	0	0	3	0	0	0	0	0	0	0	0	1	0	0	0	0	0	0	0	0	0	0	0	0	0	0	1	1	4	0	0	5	1	0	0	0	3	0	0	0	0	0	0	0	0	0	0	0	0	0	0	0	0	0	0	0	0	0	0	0	1	0	0	0	0	0	0	0	1	0	0	0	4	0	0	0	4	0	2	0	0	0	3	0	0	0	2	0	0	0	13	0	7	0	0	0	0	11	0	0	0	0	0	0	0	0	0	0	0	0	1	0	0	0	0	0	0	0	0	0	3	0	0	0	0	1	0	3	0	0	0	1	0	31	0	1	0	0	3	4	2	0	0	0	0	0	0	0	0	0	0	1	0	0	0	0	0	0	0	0	0	0	0	0	0	0	0	0	0	0	0	0	0	0	0	0	0	2	0	0	0	0	0	0	1	0	0	0	0	0	0	0	0	0	0	0	0	0	0	0	0	0	0	0	0	0	0	10	1	0	0	0	0	0	0	0	0	0	2	0	0	2	0	0	0	0	0	0	16	0	0	0	1	0	0	14	0	1	0	1	0	1	0	1	0	0	0	1	0	408	0	2	0	0	0	0	0	3	0	0	0	0	0	0	0	0	0	0	0	0	0	0	0	0	0	0	0	0	0	13	0	0	0	4	0	0	0	0	0	0	0	17	0	0	0	0	0	0	1	0	0	0	0	1
Vierzon	17	2	236	Vierzon172	intra.sup	0	0	0	2	2	0	0	14	0	0	0	0	0	0	0	0	0	0	0	0	0	5	1	0	0	0	0	4	0	1	1	0	6	0	0	0	0	0	4	1	0	0	1	0	0	0	0	1	0	0	0	0	0	0	0	0	0	0	0	0	1	0	0	0	0	0	0	0	0	0	0	0	1	0	0	1	1	2	0	0	0	2	0	0	0	0	0	0	0	0	0	0	0	0	0	1	0	0	0	0	0	1	0	0	0	2	0	0	0	0	0	0	0	0	0	0	0	5	0	0	0	0	6	1	0	0	0	4	3	0	1	0	0	2	0	8	0	3	0	0	0	0	5	0	0	0	0	0	0	0	0	0	0	0	0	0	0	0	0	0	1	0	0	0	0	0	0	0	0	0	2	0	0	0	5	0	7	0	11	0	0	0	0	0	2	1	0	0	0	0	0	1	0	0	0	0	0	0	0	0	0	0	0	4	0	0	0	0	0	1	0	0	0	0	0	0	0	0	0	0	0	0	0	0	0	1	0	0	0	0	0	0	0	0	0	0	0	0	7	0	1	0	0	0	0	0	1	1	3	0	0	0	6	0	0	0	0	0	0	2	0	0	0	8	0	0	2	0	0	0	0	0	0	7	0	1	0	0	1	0	4	0	0	0	0	0	0	0	1	0	0	0	0	0	310	0	1	0	0	0	0	0	0	1	0	0	0	0	0	0	0	0	0	0	0	0	0	0	0	0	0	0	0	0	6	0	0	0	0	0	0	0	0	0	0	0	13	1	0	15	0	0	0	0	0	0	0	0	0
Vierzon	17	3	236	Vierzon173	intra.inf	0	13	0	1	8	0	0	10	0	1	0	0	0	0	0	0	0	0	0	0	0	1	0	0	8	0	0	0	0	5	2	1	5	0	0	0	0	0	3	0	0	0	0	0	0	0	0	3	0	0	1	0	0	0	0	0	0	0	0	0	0	2	0	5	0	0	0	1	0	0	0	0	0	1	0	3	3	11	0	0	0	0	0	0	0	0	0	0	0	2	0	0	0	0	0	0	0	0	0	0	0	0	0	0	0	1	0	0	0	0	0	0	0	1	0	0	0	1	0	0	0	7	1	0	2	0	0	0	0	0	0	1	2	0	0	1	2	9	0	0	0	0	0	0	1	0	1	0	0	0	0	0	0	0	0	0	0	0	0	0	1	0	3	1	0	0	0	0	0	0	4	0	0	0	5	0	2	0	7	0	0	0	0	0	0	0	0	0	0	0	0	0	5	0	0	0	0	2	0	0	0	0	0	1	0	0	0	0	0	0	0	0	0	0	0	1	0	0	0	0	0	1	1	0	1	1	0	0	0	0	2	0	0	0	0	0	1	0	6	0	0	0	0	0	0	0	1	0	1	0	0	0	6	0	1	0	0	0	0	0	4	1	3	6	0	0	0	0	0	0	0	0	0	0	0	0	0	0	5	0	1	0	0	0	0	0	1	0	1	0	0	0	0	0	254	0	0	0	0	0	0	0	0	3	0	0	0	1	1	0	1	0	0	0	0	0	0	0	0	0	0	0	0	0	3	0	0	0	0	0	0	0	0	0	0	0	31	4	0	24	0	0	0	0	0	0	0	0	0
Vierzon	17	4	236	Vierzon174	infra	0	4	0	0	0	0	0	0	0	1	0	0	0	0	0	0	0	0	0	0	0	0	0	0	13	0	0	0	1	1	0	0	2	0	0	0	0	0	1	0	0	0	0	0	0	0	0	1	0	0	1	0	0	0	0	0	0	0	0	0	1	0	0	4	0	0	0	0	0	0	1	1	0	0	0	1	0	1	0	0	0	1	0	0	0	2	0	0	0	3	0	0	0	0	0	0	0	0	0	0	0	1	0	0	0	0	0	0	0	0	0	0	0	0	0	0	0	0	0	0	0	1	0	0	0	0	0	2	1	0	0	1	1	0	0	1	0	0	0	0	0	0	4	0	1	0	0	0	0	0	0	0	1	0	1	0	0	0	0	0	0	0	0	0	0	0	0	0	0	0	0	0	4	0	2	0	0	0	3	0	0	0	0	0	0	0	0	0	0	0	0	1	0	0	0	0	0	1	0	0	1	0	0	0	0	0	0	0	0	0	0	0	0	0	0	0	3	0	0	0	0	0	0	0	0	3	0	0	0	3	0	0	0	0	0	0	0	0	1	0	0	0	0	0	0	0	0	0	3	0	0	0	4	0	1	0	1	0	0	1	3	0	1	10	0	0	0	0	0	0	0	0	0	0	0	0	0	0	12	0	1	0	1	1	0	0	0	0	1	1	0	0	0	0	205	0	0	0	0	0	0	0	0	0	0	0	0	0	0	0	0	0	0	0	0	0	0	0	0	0	0	0	0	0	1	0	0	1	0	0	0	0	0	0	0	0	11	5	0	21	0	0	0	0	0	0	0	0	0
Vierzon	18	1	249	Vierzon181	supra	0	0	0	0	1	0	0	2	1	0	0	0	0	0	1	0	0	0	0	0	0	1	0	0	0	0	0	2	0	10	0	0	8	0	0	0	0	0	0	0	0	0	0	0	0	0	0	0	0	1	0	0	0	0	0	0	0	0	0	0	0	0	0	0	0	0	0	0	0	0	0	0	0	0	0	1	3	0	0	0	0	1	0	0	0	0	0	0	0	0	0	0	0	0	0	0	0	0	0	0	0	0	0	0	0	5	0	0	0	0	0	0	0	0	0	0	0	7	0	0	0	1	0	0	2	0	0	0	0	0	0	0	0	1	0	8	0	3	0	0	0	0	8	0	0	0	0	0	0	0	0	0	0	0	0	0	0	0	0	0	0	0	2	0	0	0	0	0	0	0	1	0	5	1	0	0	0	0	10	0	0	0	0	0	0	0	1	1	0	0	0	0	0	0	0	0	0	0	0	0	0	0	0	0	0	0	0	0	0	0	0	0	0	0	0	0	0	0	0	0	0	0	0	0	0	0	0	0	0	0	0	0	0	0	0	0	0	0	0	0	0	0	0	0	0	0	0	0	0	0	0	0	7	0	0	0	0	0	0	0	0	0	0	1	0	0	0	0	0	0	0	0	0	2	0	0	0	0	0	0	15	0	0	0	0	0	0	0	0	0	0	0	0	0	10	0	0	0	0	0	0	0	2	0	0	0	0	0	0	0	0	0	0	0	0	0	0	0	0	0	0	0	0	0	16	0	0	0	0	0	0	0	0	0	0	0	25	1	0	0	0	0	0	1	0	0	0	0	0
Vierzon	18	2	249	Vierzon182	intra.sup	0	0	0	1	3	5	0	20	0	0	0	1	0	1	0	0	0	0	0	0	0	2	1	0	0	0	0	5	1	18	0	0	2	0	1	0	0	1	2	0	0	0	2	0	0	0	0	0	0	0	0	0	0	0	0	0	0	0	0	0	0	0	0	0	0	3	0	0	0	0	0	1	0	5	0	0	2	3	0	0	0	8	0	0	0	0	0	0	0	0	0	0	0	0	0	0	0	0	0	0	0	0	0	0	0	2	0	1	0	1	0	0	0	0	0	0	0	7	0	0	0	25	15	4	8	0	0	9	22	0	0	1	0	0	0	20	0	20	0	0	0	0	14	0	0	0	1	0	0	0	0	0	0	0	0	0	0	0	0	0	0	0	4	3	1	3	1	0	1	0	4	0	1	0	1	0	1	0	9	0	0	0	1	0	19	1	0	0	0	0	0	0	1	0	0	0	0	2	0	0	0	0	0	5	0	0	0	0	0	0	0	0	0	0	0	1	0	0	0	0	0	0	0	0	0	1	0	0	0	0	0	0	0	0	0	0	0	0	2	0	0	0	0	0	0	0	2	0	2	0	0	0	8	0	0	0	0	1	0	1	0	0	0	2	1	0	0	0	0	0	0	0	0	5	0	1	0	5	0	0	22	0	0	0	0	0	1	0	0	0	0	0	4	0	0	0	7	0	0	0	0	0	1	1	0	0	0	0	1	0	0	0	0	0	0	0	0	0	0	0	0	0	0	0	37	0	2	0	0	0	1	0	0	0	0	0	6	1	1	3	0	0	0	0	0	0	0	0	1
Vierzon	18	3	249	Vierzon183	intra.inf	0	0	0	0	4	0	0	6	0	1	0	0	0	0	0	0	0	0	0	0	0	2	0	0	0	0	0	0	0	0	0	0	1	0	1	0	0	0	0	0	0	0	0	0	0	0	0	1	0	0	0	0	0	0	0	0	0	0	0	0	0	0	0	0	0	0	0	0	0	0	0	0	0	0	0	0	2	0	0	0	0	1	0	0	0	0	0	0	0	0	0	0	0	0	0	0	0	0	0	0	0	0	0	0	0	1	0	0	0	0	0	0	0	0	0	0	0	0	0	0	0	9	6	0	0	0	0	0	3	0	0	0	0	0	0	8	0	4	0	0	0	0	6	0	1	0	0	0	0	0	0	0	0	0	0	0	0	0	0	0	0	0	0	1	0	0	2	0	0	0	5	0	0	0	1	0	1	0	2	0	0	0	0	0	3	0	0	0	0	0	0	0	1	0	0	0	0	0	0	0	0	0	0	0	0	0	0	0	0	0	0	0	0	0	0	0	0	0	0	0	0	0	0	0	0	0	0	0	0	0	0	0	0	0	0	0	1	0	5	0	1	0	0	0	0	0	0	0	2	0	0	0	3	0	3	0	1	0	0	0	0	0	0	1	0	0	0	0	0	0	0	0	0	2	0	1	0	4	0	0	4	0	0	0	0	0	0	0	0	0	0	0	0	0	2	0	1	0	0	0	0	0	0	2	0	0	0	0	0	0	0	0	0	0	0	0	0	0	0	0	0	0	0	0	0	0	0	0	0	0	0	0	0	0	0	0	5	0	0	9	0	0	0	0	0	0	0	0	0
Vierzon	18	4	249	Vierzon184	infra	1	0	0	5	2	2	0	6	0	0	0	0	0	0	0	0	0	0	0	0	0	1	0	0	7	0	0	1	0	2	0	0	3	0	0	0	0	0	0	0	0	0	0	1	0	0	0	1	0	2	0	0	0	0	0	0	0	0	0	0	0	2	0	2	0	0	0	0	0	0	0	1	0	0	0	0	0	5	0	0	3	3	0	0	0	0	0	0	0	2	0	0	0	0	0	0	0	0	0	1	0	1	0	0	0	0	2	0	0	0	0	0	0	0	0	0	0	4	0	0	0	2	1	0	1	0	0	0	1	0	0	4	0	0	0	2	0	11	0	0	0	0	8	0	11	0	0	0	0	0	0	0	0	0	0	2	0	0	0	0	0	0	0	0	0	0	0	0	0	0	15	0	0	0	3	0	0	0	6	0	0	0	1	0	2	2	0	0	0	0	0	0	0	0	0	0	0	0	0	0	0	0	0	0	1	0	0	0	0	0	0	0	0	1	0	1	0	0	0	0	0	0	0	0	0	1	0	0	0	0	0	0	0	0	0	0	3	0	6	1	0	0	0	0	0	0	1	0	1	0	0	0	5	0	0	0	3	0	0	0	0	0	1	6	0	0	0	0	0	0	0	0	0	0	0	0	0	1	0	0	6	0	0	0	0	0	0	0	1	0	0	0	0	0	6	1	0	0	0	0	0	2	0	1	0	0	0	0	0	0	0	0	0	0	0	0	0	0	0	0	0	0	0	0	6	0	0	0	0	0	0	0	0	0	1	0	16	1	0	26	0	1	0	0	0	0	0	0	0
Vierzon	19	1	270	Vierzon191	supra	0	0	0	0	8	2	0	32	0	0	0	0	0	2	3	0	0	0	0	1	0	1	1	0	0	0	1	3	0	5	0	2	6	0	0	0	0	0	1	0	0	0	2	0	0	0	0	0	0	0	0	0	0	0	0	0	0	0	0	0	0	0	0	0	0	0	0	0	0	0	0	0	0	1	0	0	5	0	0	0	0	5	0	0	0	0	0	0	0	0	0	0	0	0	0	0	0	0	0	0	0	0	0	0	1	1	0	0	0	0	0	1	0	1	0	0	0	12	0	0	0	11	0	3	3	0	1	5	1	0	0	0	0	0	0	19	0	18	0	0	0	0	16	0	1	0	0	0	0	0	0	0	0	0	0	1	0	0	0	0	0	0	6	0	1	4	0	1	0	0	2	0	1	0	0	0	9	0	11	0	0	0	0	0	5	0	0	0	0	0	1	0	0	0	0	0	0	0	0	0	0	0	0	0	0	0	0	0	0	0	0	0	0	2	0	1	0	0	0	0	0	0	0	0	0	0	0	0	0	0	0	0	1	0	0	0	0	0	0	0	0	0	0	0	0	0	0	0	0	0	0	0	8	0	0	0	0	1	0	0	0	0	0	0	2	0	0	0	0	0	1	1	0	71	0	0	0	2	0	0	25	0	0	0	0	0	0	0	0	0	0	1	0	0	2	0	0	0	0	0	0	0	0	0	0	0	0	0	0	1	0	0	0	0	0	1	0	1	0	0	0	0	0	0	18	0	1	0	2	0	0	0	0	0	0	0	8	1	0	1	1	0	0	0	0	0	0	0	0
Vierzon	19	2	270	Vierzon192	intra.sup	0	0	0	0	3	0	0	8	0	0	0	0	0	0	0	0	0	0	0	0	0	0	0	0	0	0	0	1	0	2	0	0	1	0	1	0	0	0	0	0	0	0	0	0	0	0	0	0	0	0	0	0	0	0	0	0	0	0	0	0	0	0	0	0	0	2	0	0	0	0	0	0	1	0	0	0	1	1	0	0	0	3	0	0	0	0	0	0	0	0	0	0	0	0	0	0	0	0	0	0	0	1	0	0	0	2	0	0	0	0	0	0	1	4	0	0	0	2	0	0	0	9	4	1	3	0	0	3	1	0	0	1	0	1	0	10	0	4	0	0	0	0	4	0	0	0	0	0	0	0	0	0	0	1	0	0	0	0	0	0	0	0	0	0	0	0	0	0	0	0	0	0	0	0	0	0	0	0	1	0	0	0	0	0	2	1	0	0	0	0	0	0	0	0	1	0	0	0	0	0	0	0	0	2	0	0	0	1	0	0	0	0	0	0	0	0	0	0	0	0	0	0	0	0	0	0	0	0	0	0	0	0	0	0	0	0	2	0	3	0	0	0	0	0	0	0	1	3	1	0	0	0	12	0	0	0	0	0	0	0	0	0	0	1	1	0	1	0	0	0	0	0	0	24	0	0	0	1	0	0	0	0	0	0	0	0	0	0	1	0	0	0	0	0	3	0	1	0	0	0	0	0	0	0	0	0	0	0	0	0	0	0	0	0	0	0	0	0	0	0	0	0	0	0	11	0	0	0	0	0	0	1	0	0	0	0	10	1	0	8	0	0	0	0	0	0	0	0	0
Vierzon	19	3	270	Vierzon193	intra.inf	0	1	0	0	9	1	0	0	0	0	0	0	0	0	0	0	0	0	0	0	0	0	0	0	0	0	0	0	0	0	0	0	1	1	0	0	0	0	0	0	0	0	0	0	0	0	0	0	0	0	0	0	0	0	0	0	0	0	0	0	0	2	0	0	0	0	0	0	0	0	0	0	0	0	0	0	1	7	0	0	0	1	0	0	0	0	0	0	0	0	0	0	0	0	0	0	0	0	0	0	0	0	0	0	0	0	0	0	0	0	0	0	0	0	0	0	0	0	0	0	0	0	3	0	0	0	0	0	0	0	0	0	2	0	0	3	0	7	0	0	0	0	1	0	0	0	0	0	0	0	0	0	0	0	0	1	0	0	0	0	0	0	0	0	0	0	0	0	0	0	1	0	0	0	0	0	1	0	2	0	0	0	0	1	0	2	0	0	0	0	0	0	0	0	0	0	0	0	0	0	0	0	0	1	0	0	0	0	0	0	0	0	0	0	0	0	0	0	0	0	0	0	0	0	0	5	0	0	0	0	0	0	0	0	0	0	9	0	3	0	0	0	0	0	0	0	0	0	1	0	0	0	2	0	1	0	0	0	0	0	0	0	0	1	1	0	0	0	0	0	0	0	0	2	0	0	0	0	0	0	0	0	0	0	0	0	0	0	1	0	0	0	0	0	3	0	0	0	0	0	0	0	0	0	0	0	0	0	0	0	0	0	0	0	0	0	0	2	0	0	0	0	0	0	0	0	0	0	0	0	0	0	0	0	0	0	10	1	0	23	0	0	0	0	0	0	0	0	0
Vierzon	19	4	270	Vierzon194	infra	0	3	0	2	1	1	0	0	0	0	0	0	0	0	0	0	0	0	0	0	0	0	1	0	0	0	0	0	0	0	0	0	1	0	0	0	0	0	0	0	0	0	0	0	1	0	0	0	0	0	1	0	0	0	0	0	0	0	0	0	0	2	0	0	0	0	0	0	0	0	0	0	0	0	0	0	0	1	1	0	0	0	0	0	0	0	0	0	0	1	0	0	0	0	0	0	0	0	0	0	0	0	0	0	0	0	2	0	0	0	0	0	0	0	0	0	0	0	0	0	0	1	0	0	0	0	0	2	0	0	0	1	0	0	0	4	0	5	0	0	0	0	5	0	0	0	0	0	0	0	0	1	0	0	0	0	0	0	0	0	0	0	0	0	0	1	0	0	0	0	4	0	1	0	0	0	1	0	4	0	0	0	0	1	0	2	0	0	0	0	0	0	1	0	0	0	0	0	0	0	1	1	0	0	1	0	0	0	0	0	0	0	0	0	0	0	0	0	0	0	0	0	0	0	0	1	0	0	0	0	0	0	0	0	0	0	3	0	1	1	0	0	0	0	0	0	0	0	1	0	1	0	6	0	0	0	0	0	0	0	2	0	0	0	0	0	0	0	0	0	0	0	0	0	0	0	0	0	0	0	0	0	0	0	0	0	0	0	0	0	0	0	0	0	6	0	0	0	0	0	0	0	0	0	0	0	0	0	0	1	0	0	0	0	1	0	0	4	0	0	0	0	0	0	0	0	0	0	0	0	0	0	0	0	0	0	2	0	0	29	0	0	0	0	0	0	0	0	0
Vierzon	20	1	290	Vierzon201	supra	0	0	0	1	4	0	0	1	0	0	0	1	0	0	2	0	0	0	0	0	0	0	0	0	0	0	0	3	0	5	0	1	0	0	0	0	0	0	1	0	0	0	2	1	0	0	0	0	0	0	0	0	0	0	0	0	0	0	0	0	0	0	0	1	0	0	0	0	0	0	0	0	0	5	0	0	6	0	0	0	0	2	0	0	0	0	0	0	0	0	0	0	0	0	0	0	0	0	0	0	0	0	0	0	0	6	0	0	0	0	0	0	0	0	0	0	0	3	0	0	0	11	0	3	4	0	0	12	0	0	0	1	0	0	0	5	0	5	0	0	0	0	4	1	0	0	0	0	0	0	0	0	0	0	0	0	0	0	0	0	0	0	4	3	0	1	0	0	0	0	2	0	1	0	0	0	0	0	11	0	0	0	1	0	3	1	0	2	0	0	0	0	0	0	1	0	0	0	0	0	0	0	0	1	0	0	0	0	0	0	0	0	0	0	0	0	0	0	0	0	0	0	0	0	0	0	0	0	0	0	0	0	0	0	0	0	0	0	0	0	0	0	0	0	0	0	0	0	0	0	0	0	8	0	0	0	0	0	0	0	0	0	0	1	0	0	0	0	0	1	1	0	0	3	0	0	0	1	0	0	12	1	0	0	0	0	0	0	1	0	0	0	2	0	1	0	1	0	1	0	0	0	0	0	0	0	0	0	0	0	0	0	0	0	0	0	0	0	0	0	0	0	1	0	25	0	1	0	0	0	0	0	0	0	1	0	7	0	0	1	0	0	0	0	0	0	0	0	0
Vierzon	20	2	290	Vierzon202	intra.sup	0	0	0	2	3	0	0	1	0	0	0	0	0	0	0	0	0	0	0	0	0	0	4	0	0	0	0	5	0	19	0	0	2	0	0	0	0	0	4	0	1	0	0	0	0	0	0	1	0	1	0	0	0	0	0	0	0	0	0	0	0	0	0	0	0	2	0	0	0	0	0	2	0	0	0	0	3	2	0	0	0	0	0	0	0	0	0	0	0	0	0	0	0	0	0	0	0	0	0	0	0	0	0	0	0	3	1	0	0	0	0	0	1	1	1	0	0	2	1	0	0	1	0	5	4	0	0	26	2	0	0	2	0	1	0	4	1	3	0	0	0	0	17	0	0	0	0	0	0	0	0	0	0	0	0	0	0	0	0	0	0	0	3	0	0	2	1	1	0	0	5	0	2	0	2	0	4	0	2	0	0	0	1	1	3	1	0	0	0	0	0	0	1	0	0	0	0	0	0	0	0	0	0	4	0	0	0	0	0	0	0	0	0	3	0	0	0	1	0	0	0	0	0	0	0	0	0	0	0	0	0	0	0	1	0	0	0	0	1	0	0	0	0	0	0	0	0	0	3	0	0	0	9	0	0	0	0	0	0	0	0	0	0	0	0	0	0	1	0	0	0	1	0	0	0	0	0	4	1	0	6	0	0	0	0	0	0	0	1	0	0	0	1	0	1	0	0	0	1	0	0	0	0	0	0	0	0	0	0	0	0	0	0	0	0	0	0	0	0	0	0	0	0	0	27	0	0	0	0	0	0	1	0	0	0	0	6	0	0	2	0	0	0	0	0	0	0	0	0
Vierzon	20	3	290	Vierzon203	intra.inf	0	0	0	1	5	0	0	0	0	0	0	0	0	0	0	0	0	0	0	0	0	0	2	0	0	0	0	2	0	3	1	0	0	0	1	0	0	0	1	0	0	0	0	0	0	0	0	0	0	0	0	0	0	0	0	0	0	0	0	0	0	0	0	0	0	0	0	0	0	0	0	0	0	0	0	0	2	0	0	0	0	0	0	0	0	0	0	0	0	0	0	0	0	0	0	0	0	0	0	0	0	0	0	0	0	0	0	0	0	0	0	0	0	0	0	0	0	1	0	0	0	0	1	0	1	0	0	8	1	0	0	1	0	1	0	6	1	6	0	0	0	0	3	0	1	0	0	0	0	0	0	0	0	0	0	0	0	0	0	0	1	0	2	0	0	1	1	1	0	0	3	0	0	0	0	0	1	0	1	0	0	0	2	2	3	3	0	0	0	0	0	1	0	0	0	0	0	0	0	0	0	0	0	2	0	0	0	0	0	0	0	0	0	0	0	0	0	0	0	0	0	0	0	0	0	3	0	0	0	0	0	0	0	0	0	0	1	1	0	0	0	0	0	0	0	0	0	0	1	1	0	0	6	0	2	0	2	0	0	0	0	0	0	0	0	0	0	0	0	0	0	1	0	0	0	1	0	1	1	0	2	0	1	0	0	0	0	0	1	0	0	1	0	0	0	0	1	0	2	0	0	0	0	0	0	0	0	0	0	0	0	0	0	0	0	0	0	0	0	0	0	0	0	0	4	0	0	0	0	0	0	0	0	0	0	0	17	1	0	11	0	0	0	0	0	0	0	0	0
Vierzon	20	4	290	Vierzon204	infra	0	0	0	1	0	0	0	0	0	0	0	0	0	0	0	0	0	0	0	0	0	0	1	0	0	0	0	1	1	3	0	0	0	0	0	0	0	0	0	0	0	0	0	0	0	0	0	0	0	0	0	0	0	0	0	0	0	0	0	0	0	0	0	1	0	0	0	0	0	0	0	0	0	0	0	1	1	4	0	0	0	0	0	0	0	0	0	3	0	0	0	0	0	0	0	0	0	1	0	0	0	0	0	0	0	0	0	0	0	0	0	0	0	0	0	0	0	0	0	0	0	6	0	0	0	0	0	9	1	0	0	0	0	0	0	1	0	1	0	0	0	0	6	1	0	0	0	0	0	0	0	0	0	0	0	0	0	0	0	0	0	0	0	1	0	0	1	0	0	0	11	0	3	0	0	0	0	0	2	0	0	0	0	0	0	2	0	1	0	0	0	1	1	0	0	0	0	0	0	0	0	0	0	1	0	0	0	0	0	0	0	0	1	1	0	0	0	0	0	0	0	0	0	0	0	0	0	0	0	0	0	0	1	0	0	0	0	0	0	0	0	0	0	0	0	0	0	0	5	0	0	1	7	0	0	0	3	0	0	0	0	0	0	2	1	0	0	1	0	0	0	0	0	0	0	0	0	1	0	0	2	0	0	0	0	1	1	0	0	0	0	1	0	0	0	0	0	0	0	0	0	0	0	0	1	0	0	0	0	0	0	0	0	0	0	0	1	0	0	0	0	0	0	0	2	1	0	0	0	0	0	0	0	0	0	0	15	0	0	10	0	0	0	0	0	0	0	0	0
