LOCA	num.tree2	num.trap	parcelle	idtrap	strate	Dendrophilus.punctatus	Poecilium.rufipes	Ampedus.rufipennis	Plegaderus.dissectus	Kissophagus.vicinus	Globicornis.fasciata	Cerylon.deplanatum	Agrilus.angustulus	Conopalpus.brevicollis	Cryptophilus.integer	Dorcatoma.chrysomelina	Lymexylon.navale	Microrhagus.pyrenaeus	Teredus.cylindricus	Trox.scaber	Trypodendron.signatum	Silvanus.unidentatus	Corticeus.suberis	Allonyx.quadrimaculatus	Epuraea.sp.	Mycetophagus.fulvicollis	Anaglyptus.mysticus	Xylotrechus.arvicola	Mycetophagus.multipunctatus	Mordellistena.variegata	Obrium.cantharinum	Salpingus.tapirus	Callimus.angulatus	Eidophelus.caucasicus	Anaspis.frontalis	Placonotus.testaceus	Aulonothroscus.brevicollis	Rutpela.maculata	Palorus.depressus	Liocola.marmorata	Gonodera.luperus	Hylis.simonae	Anthrenus.sp.	Symbiotes.sp.	Sulcacis.fronticornis	Pseudeuparius.sepicola	Lichenophanes.varius	Platysoma.compressum	Choragus.sheppardi	Trypophloeus.granulatus	Notolaemus.unifasciatus	Pentaphyllus.testaceus	Hemicrepidius.hirtus	Mesosa.curculionoides	Brachygonus.bouyoni	Ampedus.pomonae	Tenebroides.fuscus	Nemozoma.elongatum	Malthininae	Xyletinus.sp.	Agrilus.obscuricollis	Tillus.elongatus	Hemicoelus.fulvicornis	Cis.villosulus	Dorcatoma.androgyna	Grammoptera.abdominalis	Colydium.elongatum	Dermestes.lardarius	Leiopus.femoratus	Attagenus.punctatus	Cis.fusciclavis	Triplax.rufipes	Platypus.cylindrus	Xylopertha.retusa	Dorcus.parallelipipedus	Anaspis.flava	Attagenus.pellio	Pediacus.dermestoides	Anthribus.nebulosus	Aplocnemus.sp.	Clambus.sp.	Agrilus.hastulifer	Isorhipis.marmottani	Gnorimus.nobilis	Agrilus.olivicolor	Soronia.oblonga	Leiopus.linnei	Ennearthron.cornutum	Paromalus.flavicornis	Aplocnemus.impressus	Ptinomorphus.imperialis	Globicornis.nigripes	Monotoma.picipes	Salpingus.ruficollis	Cryptolestes.corticinus	Allandrus.therondi	Dissoleucas.niveirostris	Plagionotus.detritus	Dorcatoma.substriata	Mordellistena.neuwaldeggiana	Exocentrus.adspersus	Pedostrangalia.revestita	Ropalopus.femoratus	Agrilus.graminis	Cis.boleti	Triplax.lepida	Lissodema.denticolle	Melandrya.barbata	Scolytus.rugulosus	Meliboeus.fulgidicollis	Conopalpus.testaceus	Tritoma.bipustulata	Anthrenus.pimpinellae	Nalassus.laevioctostriatus	Xestobium.rufovillosum	Rhizophagus.bipustulatus	Opilo.pallidus	Anthrenus.scrophulariae	Hemicoelus.costatus	Stictoleptura.scutellata	Rhagium.sycophanta	Tribolium.castaneum	Rhagium.bifasciatum	Dasytes.caeruleus	Coraebus.undatus	Potosia.cuprea	Vincenzellus.ruficollis	Platycerus.caraboides	Pycnomerus.terebrans	Dermestes.bicolor	Ampedus.balteatus	Hedobia.pubescens	Orthocis.alni	Prionocyphon.serricornis	Carcinops.pumilio	Eidophelus.fagi	Attagenus.unicolor	Mesocoelopus.niger	Cryptolestes.duplicatus	Pyrochroa.coccinea	Alphitobius.diaperinus	Mordella.brachyura	Agrilus.laticornis	Deroplia.genei	Latridius.hirtus	Salpingus.planirostris	Cryptolestes.ferrugineus	Nematodes.filum	Ptilinus.pectinicornis	Anaspis.lurida	Cerylon.ferrugineum	Gnathoncus.buyssoni	Orthocis.coluber	Scolytus.carpini	Bitoma.crenata	Cerylon.histeroides	Xyleborus.dryographus	Oligomerus.brunneus	Abdera.quadrifasciata	Ampedus.pomorum	Chlorophorus.glabromaculatus	Aspidiphorus.lareyniei	Brachygonus.megerlei	PTILIIDAE	Dasytes.nigrocyaneus	Poecilium.pusillum	Platystomos.albinus	Uleiota.planatus	Cortodera.humeralis	Diplocoelus.fagi	Stenagostus.rhombeus	Anaspis.garneysi	Colobicus.hirtus	Rhaphitropis.oxyacanthae	Symbiotes.gibberosus	Hyperisus.plumbeum	Ampedus.quercicola	Lathropus.sepicola	Prionychus.fairmairii	Tilloidea.unifasciata	Anaspis.sp.	Cryptarcha.strigata	Clytus.arietis	Soronia.grisea	Phaeochrotes.pudens	Melanotus.villosus	Triplax.russica	Hylastinus.obscurus	Cis.micans	Cryptarcha.undata	Pyrrhidium.sanguineum	Ctesias.serra	Phloiotrya.tenuis	Dromaeolus.barnabita	Gnathoncus.nidorum	Isorhipis.melasoides	Phymatodes.testaceus	Gastrallus.immarginatus	Ischnomera.caerulea	Melasis.buprestoides	Endophloeus.markovichianus	Ampedus.elongatulus	Gastrallus.laevigatus	Chrysobothris.affinis	Ampedus.nigerrimus	Calambus.bipustulatus	Cerambyx.scopolii	Dacne.bipustulata	Opilo.mollis	Tomoxia.bucephala	Anisandrus.dispar	CORYLOPHIDAE	Gasterocercus.depressirostris	Cetonischema.speciosissima	Pseudosphegesthes.cinerea	Potosia.fieberi	Abdera.biflexuosa	Clytus.tropicus	Poecilium.alni	Mycetochara.maura	Taphrorychus.villifrons	Anaspis.regimbarti	Cetonia.aurata	Mesosa.nebulosa	Xylotrechus.antilope	Tropideres.albirostris	Anaspis.maculata	Dasytes.aeratus	Cis.pygmaeus	Litargus.connexus	Trichoferus.pallidus	Cis.striatulus	Scolytus.intricatus	Taphrorychus.bicolor	Lygistopterus.sanguineus	Anaspis.fasciata	Ampedus.sanguinolentus	Megatoma.undata	Clerus.mutillarius	Nacerdes.carniolica	Eulagius.filicornis	Dasytes.pauperculus	Xyleborus.monographus	Cyclorhipidion.bodoanum	Enicmus.sp.	Berginus.tamarisci	Corticariinae	Xyleborinus.saxesenii
Troncais	1	1	19	Troncais11	supra	0	0	0	0	0	0	0	1	0	0	0	0	0	0	0	0	0	0	0	0	0	0	0	0	0	0	0	0	0	0	0	0	0	0	0	0	0	0	0	0	0	1	1	0	0	0	0	0	0	0	0	0	0	0	0	0	0	0	0	0	0	0	0	0	0	0	0	0	0	0	0	0	0	1	0	0	2	0	0	0	0	0	0	0	0	0	0	0	0	0	2	0	0	0	0	0	0	1	2	1	0	0	0	0	0	0	0	0	0	0	0	0	0	0	2	0	0	0	0	0	0	0	1	0	0	0	5	0	0	0	0	0	0	0	0	1	1	1	0	0	0	1	0	0	1	0	0	2	0	2	0	0	0	0	0	4	0	1	0	0	1	0	0	1	0	0	0	1	1	1	1	0	0	0	2	0	0	0	0	0	1	0	0	0	0	1	0	0	0	0	0	0	1	0	0	1	0	3	1	0	0	0	0	1	0	0	3	0	1	4	2	3	0	2	0	0	0	1	1	5	0	1	2	1	4	0	4	1	4	13	11	0	5	9	0	18	5	2	14	5	12	16	10
Troncais	1	2	19	Troncais12	intra.sup	0	0	0	0	0	0	0	0	0	1	0	0	0	0	0	0	0	0	0	1	0	0	0	0	0	0	0	0	0	0	0	0	0	0	0	0	0	0	0	0	0	0	1	0	0	0	0	0	0	0	0	0	0	0	0	0	0	0	0	0	0	0	0	0	0	0	0	0	0	0	0	0	2	0	0	0	2	0	0	0	0	0	0	0	0	0	0	0	0	0	0	0	0	0	0	1	0	1	0	0	0	0	0	0	0	0	0	1	0	0	0	0	2	0	2	0	1	0	0	0	1	0	0	0	1	0	0	0	0	2	0	0	0	0	0	0	0	1	0	0	0	0	1	0	1	0	0	0	0	0	1	1	1	2	2	1	0	0	0	1	0	3	1	0	1	1	0	2	5	0	0	0	0	1	2	0	6	1	0	2	1	0	0	0	6	26	0	3	3	1	0	2	0	0	5	0	0	3	12	0	0	0	3	11	4	3	0	0	8	5	11	2	2	1	1	0	1	3	1	14	14	2	7	2	5	11	7	3	0	4	2	0	4	19	0	18	30	4	32	22	5	18	15
Troncais	1	3	19	Troncais13	intra.inf	1	0	0	0	0	0	0	0	0	0	0	0	0	0	0	0	0	0	0	0	0	0	0	0	0	0	0	0	0	0	2	0	0	0	0	0	0	0	0	0	0	1	0	0	0	0	0	0	0	0	0	1	1	0	0	1	0	0	0	0	0	1	0	0	0	0	0	0	0	0	0	1	0	0	0	0	0	0	0	0	0	0	1	0	0	0	1	0	0	0	0	0	0	0	0	0	0	0	1	0	0	0	0	0	0	1	1	0	0	0	0	0	0	0	0	1	0	0	0	0	0	0	0	0	0	0	0	0	0	0	0	0	1	1	0	0	0	1	0	1	0	0	0	0	0	0	0	0	2	0	0	0	0	1	0	0	0	3	0	0	0	0	0	0	5	0	0	0	1	2	1	0	0	3	0	3	1	0	0	0	5	11	1	0	1	0	0	1	2	5	0	0	1	0	0	0	0	2	0	0	4	0	0	2	3	3	2	13	4	1	1	3	0	1	12	4	1	0	1	2	0	2	1	1	1	0	0	13	35	0	5	0	2	14	0	2	8	4	10	28	0	23	11
Troncais	1	4	19	Troncais14	infra	0	0	0	0	0	0	0	0	0	0	0	0	0	0	0	0	0	0	0	0	0	0	0	0	0	0	1	0	0	0	0	0	0	0	0	0	0	0	0	0	0	0	0	1	0	0	0	1	0	0	0	0	2	0	0	0	0	0	0	3	0	0	0	0	1	0	1	1	0	0	0	0	0	0	0	0	0	0	0	3	0	0	0	0	0	0	0	0	0	0	0	0	0	0	0	0	0	0	0	0	0	1	0	1	0	0	0	0	1	0	0	0	0	1	0	0	0	0	0	0	0	0	0	1	0	0	0	0	0	0	1	0	0	0	0	0	0	0	0	0	0	0	0	0	0	0	1	0	6	0	0	0	0	0	0	0	1	0	0	0	0	1	0	0	3	0	0	2	0	1	1	0	0	0	0	0	1	0	0	0	0	2	0	1	0	0	0	0	0	2	2	0	7	0	1	0	0	1	0	0	0	0	0	1	5	0	2	1	0	0	0	0	0	1	0	0	0	0	0	2	0	2	2	0	1	1	0	9	115	0	1	0	2	9	0	1	6	0	6	23	0	12	7
Troncais	2	1	43	Troncais21	supra	0	0	0	0	0	1	0	0	0	0	0	0	0	0	0	0	0	0	0	0	0	0	0	0	0	0	0	0	0	0	0	0	0	0	0	0	0	0	1	0	1	0	1	0	0	0	0	0	0	0	0	0	0	0	0	0	0	0	0	0	0	0	0	0	3	0	0	0	2	0	0	0	0	0	0	0	0	0	0	0	0	0	0	0	0	0	0	0	0	0	0	0	0	0	0	0	0	0	0	0	0	0	0	0	0	0	0	1	0	0	0	0	0	0	0	0	0	2	0	0	0	0	1	0	0	0	0	0	0	0	0	0	0	1	0	0	0	0	0	0	0	0	0	0	1	1	0	1	0	0	0	2	0	0	0	0	0	0	0	2	1	2	1	0	0	0	0	0	0	0	0	2	0	0	2	0	2	2	0	0	0	0	5	0	0	4	0	0	0	0	0	2	0	1	0	0	0	1	1	0	0	1	1	0	0	0	0	0	0	0	0	7	3	8	0	5	3	3	4	3	1	1	7	3	3	0	16	4	0	1	6	0	15	20	0	0	15	12	4	0	24	12	2
Troncais	2	2	43	Troncais22	intra.sup	0	0	0	0	0	0	0	0	0	0	0	0	0	0	0	0	0	0	0	0	0	0	0	0	0	0	0	0	0	0	0	0	0	0	0	0	0	0	0	0	0	0	0	0	0	0	0	0	0	0	0	0	0	0	0	0	0	0	0	0	0	0	0	0	0	0	0	0	1	0	0	0	0	0	0	0	1	0	0	0	0	1	0	0	0	0	0	0	0	1	0	0	0	0	0	0	0	0	0	0	0	0	0	0	0	0	0	0	0	0	0	0	0	0	0	0	1	0	0	0	0	0	0	0	1	0	0	0	0	0	0	0	0	0	0	0	0	0	0	0	0	0	0	0	0	1	0	1	0	1	0	0	0	0	0	0	0	0	0	0	1	1	2	0	0	0	0	0	0	0	0	0	0	0	0	2	0	0	0	0	0	0	2	0	0	5	0	0	0	0	0	0	0	0	0	0	1	0	0	0	0	0	0	0	4	0	0	0	0	0	1	2	0	0	0	0	2	0	0	1	1	1	2	0	0	0	4	1	0	0	3	0	11	1	0	0	13	3	1	0	8	8	0
Troncais	2	3	43	Troncais23	intra.inf	0	0	0	0	1	0	0	0	0	0	0	0	0	0	0	0	0	0	0	0	0	0	0	0	0	0	0	0	0	0	0	1	0	0	0	0	0	0	0	0	0	0	0	0	0	0	0	0	0	1	0	0	0	0	0	0	0	0	0	0	0	0	0	0	0	0	0	0	0	0	0	0	0	0	0	0	0	0	0	0	0	0	0	0	0	1	0	0	0	0	0	0	0	1	0	0	0	0	0	0	0	0	0	0	0	0	0	0	0	0	0	0	0	0	0	0	0	0	0	0	0	0	0	0	0	0	1	1	1	0	2	0	1	1	0	0	0	1	0	0	0	0	0	0	1	0	3	0	0	0	0	0	0	2	0	0	0	1	0	1	2	0	0	0	0	0	0	1	0	2	1	0	0	0	0	1	1	1	0	0	2	2	2	0	0	0	0	0	0	0	0	4	0	1	1	0	0	2	0	0	0	0	1	1	0	0	0	2	0	0	0	0	1	0	2	6	3	0	0	0	0	0	1	0	2	0	0	40	0	0	2	0	6	0	0	9	6	10	1	21	0	15	1
Troncais	2	4	43	Troncais24	infra	0	0	0	0	0	0	0	0	0	0	0	0	0	0	0	0	0	0	0	0	1	0	0	0	0	0	0	0	0	0	0	0	0	0	0	0	0	0	0	0	0	0	0	0	0	0	1	0	0	0	0	1	0	0	0	0	0	0	0	0	0	0	0	0	1	4	0	0	0	0	1	1	0	0	0	0	0	1	0	0	0	0	0	0	0	0	0	0	0	0	0	0	0	0	0	0	0	0	0	0	0	0	1	0	0	0	0	0	0	0	1	0	0	0	0	1	0	0	0	0	0	0	0	2	0	0	0	0	0	0	0	0	0	0	0	0	0	0	0	3	0	0	0	2	0	1	0	0	5	0	1	1	0	0	1	0	0	0	1	0	0	2	0	0	0	0	0	0	0	1	1	1	0	0	0	0	0	0	0	0	0	1	0	4	0	0	0	0	0	1	2	1	0	0	0	0	1	0	0	0	1	0	1	0	0	0	2	0	0	0	1	0	0	0	1	13	0	0	0	0	0	1	2	0	0	0	1	1	9	0	0	0	4	0	0	2	0	2	0	6	0	14	2
Troncais	3	1	118	Troncais31	supra	0	0	0	0	0	0	0	0	0	0	0	0	0	0	0	0	0	0	0	0	0	0	0	0	0	0	0	0	0	0	0	0	0	0	0	0	0	0	0	0	0	0	0	0	0	0	0	1	0	0	0	0	0	0	0	0	0	0	0	0	0	0	0	0	0	0	0	0	0	0	0	0	0	0	0	0	0	0	0	0	0	0	0	0	0	0	0	0	0	0	0	0	0	0	0	0	0	0	1	0	0	0	0	0	0	0	0	0	0	0	0	0	0	0	0	0	1	1	0	0	0	0	1	0	0	0	1	0	0	1	0	2	0	0	0	0	0	0	1	0	0	0	0	0	0	0	0	2	0	1	0	1	0	0	0	1	0	0	2	1	3	0	0	0	0	0	0	1	0	0	0	0	1	0	3	0	0	2	0	0	0	0	2	0	0	2	0	0	0	0	0	2	0	0	0	0	0	4	0	0	2	4	0	0	0	0	1	0	0	2	2	0	0	5	0	10	0	1	1	1	1	5	3	2	2	0	13	3	1	4	8	0	10	3	0	10	8	42	22	2	55	26	5
Troncais	3	2	118	Troncais32	intra.sup	0	0	0	0	0	0	0	0	0	0	0	0	0	0	0	0	0	2	0	0	0	0	0	0	0	0	1	0	1	0	0	0	0	0	0	0	0	0	0	0	0	2	0	0	0	0	0	0	0	0	0	0	0	0	1	0	0	0	0	0	1	0	0	0	0	0	0	0	0	0	0	0	0	0	0	0	0	0	0	0	0	0	0	0	0	0	0	0	0	0	0	0	1	0	0	2	0	0	0	1	2	0	0	0	0	0	0	0	0	0	0	4	0	0	0	0	1	0	0	2	0	0	1	0	0	0	0	0	0	0	0	0	1	2	0	0	0	0	2	0	0	0	1	0	0	0	0	1	0	0	0	0	2	0	1	1	0	0	0	0	5	0	7	1	0	1	0	4	6	0	1	1	7	0	2	1	0	2	0	7	1	0	3	1	3	3	1	4	3	1	0	3	2	1	1	0	1	6	5	0	0	1	0	3	2	0	0	1	1	6	5	3	3	4	0	6	0	4	6	14	8	3	6	3	0	6	14	11	0	7	5	0	6	43	0	17	14	13	82	6	24	25	0
Troncais	3	3	118	Troncais33	intra.inf	1	0	0	0	0	0	0	0	0	0	0	0	0	0	0	0	0	0	0	0	0	0	0	0	0	0	0	0	0	0	0	0	0	0	0	0	0	0	0	0	0	0	0	0	0	0	0	0	0	1	0	1	0	0	0	0	0	0	0	0	0	0	0	0	0	0	0	0	0	0	0	0	0	0	0	0	0	0	0	0	0	0	0	0	1	0	0	0	0	0	0	0	0	0	1	0	0	0	0	0	0	0	1	0	0	0	0	0	0	0	0	0	0	0	0	0	0	0	1	0	0	0	0	0	1	0	1	0	1	0	0	0	1	0	0	0	0	0	0	0	1	0	0	0	0	2	0	0	1	0	1	0	1	0	0	0	0	0	0	1	0	2	0	0	0	2	0	1	3	0	0	0	1	1	0	3	0	0	0	0	0	0	1	1	0	0	0	1	1	6	0	0	7	4	0	0	0	6	0	0	3	0	0	2	1	0	0	3	1	3	2	0	0	1	1	2	1	2	1	1	1	0	3	1	3	2	2	3	0	0	2	0	5	4	0	9	6	0	15	17	1	41	1
Troncais	3	4	118	Troncais34	infra	0	0	0	0	0	0	0	0	0	0	0	0	0	0	0	0	0	0	0	0	0	0	1	0	0	0	0	0	0	0	0	0	1	0	0	0	0	0	0	0	0	0	0	0	0	0	0	0	0	0	0	0	0	0	0	0	0	0	0	0	0	0	0	0	0	0	1	0	0	0	0	0	0	0	0	0	0	6	0	0	0	0	0	0	0	1	0	0	0	0	0	0	0	0	1	0	1	0	0	0	0	0	0	0	0	1	1	0	0	0	0	0	0	0	0	0	0	0	0	0	0	0	0	0	0	0	1	0	0	0	0	0	0	0	0	0	0	0	0	0	2	0	0	0	0	0	0	0	8	0	1	0	0	0	0	0	1	0	0	0	0	0	0	1	0	1	0	0	0	1	0	0	1	1	0	1	0	0	0	0	0	0	0	1	0	0	0	0	0	1	0	1	1	2	0	0	0	3	0	0	0	0	0	0	0	0	3	0	0	0	0	0	0	1	4	2	0	0	0	0	0	1	0	0	2	0	1	1	0	0	3	0	3	3	0	7	1	2	2	12	1	24	1
Troncais	4	1	207	Troncais41	supra	0	0	0	0	0	1	0	0	0	1	0	0	0	0	0	0	0	0	0	0	0	0	0	0	0	0	0	0	0	0	0	0	0	0	0	0	0	0	0	0	1	0	0	0	0	1	0	0	0	0	0	0	0	0	0	0	0	0	0	0	0	0	0	0	0	0	0	0	0	0	0	0	0	0	0	0	0	0	0	0	0	0	0	0	0	0	0	0	0	0	0	0	0	0	0	1	0	1	1	1	0	0	0	0	0	0	0	1	0	0	0	0	0	0	2	0	0	0	0	0	0	0	0	0	0	0	0	0	0	1	1	0	0	0	0	1	0	1	0	0	0	0	1	0	0	0	0	0	0	1	0	1	0	0	1	2	0	0	1	0	0	0	0	0	0	0	0	1	0	0	0	3	0	1	0	0	1	2	0	0	0	0	1	0	1	0	0	3	0	0	0	0	0	2	0	2	0	2	2	0	0	2	0	1	1	0	3	0	0	3	2	9	1	6	0	1	0	2	2	2	1	6	2	0	0	0	9	1	0	7	24	0	4	2	0	42	10	25	5	3	52	20	2
Troncais	4	2	207	Troncais42	intra.sup	0	0	0	0	0	0	0	0	0	0	0	0	0	0	0	0	0	0	0	0	0	0	0	0	0	0	0	0	0	0	0	0	0	0	0	0	0	0	0	0	0	0	0	0	0	0	0	0	0	0	0	0	0	0	0	0	0	0	0	0	0	0	0	0	0	0	0	1	0	0	0	0	0	0	0	0	0	0	0	0	0	2	0	0	0	0	0	0	0	0	0	0	0	0	0	0	1	1	1	0	0	0	1	0	0	0	0	0	0	0	0	1	0	0	0	0	0	0	0	1	0	0	0	0	0	0	0	0	0	0	0	0	0	0	1	0	0	0	0	0	0	0	2	0	0	0	1	0	0	0	0	0	1	2	2	0	0	0	0	0	0	0	0	0	1	1	0	0	2	0	0	0	0	0	0	1	0	0	0	3	0	1	1	0	0	0	0	5	3	0	0	2	0	0	3	0	0	0	1	0	0	0	1	0	3	0	0	1	1	4	0	1	6	0	0	0	1	0	0	6	11	0	0	0	1	2	4	0	0	1	1	0	2	2	0	8	1	9	3	9	1	25	5
Troncais	4	3	207	Troncais43	intra.inf	0	0	0	0	0	0	0	0	0	0	0	1	0	0	0	0	0	0	0	0	0	0	0	0	0	0	0	0	0	0	0	0	0	0	0	0	0	0	0	0	1	0	0	0	0	0	0	0	0	0	0	0	0	0	0	0	0	2	0	1	0	0	0	0	0	0	0	0	0	0	0	0	0	0	0	0	0	0	0	1	0	0	0	0	0	0	0	0	0	0	0	3	0	0	0	0	0	0	0	0	0	0	0	0	0	1	0	0	0	0	0	0	0	0	0	0	0	0	0	0	0	0	0	0	0	0	0	1	2	0	0	0	1	0	0	0	0	0	0	0	0	0	3	0	0	0	2	0	0	0	0	0	0	0	0	0	1	0	0	0	0	0	0	1	0	1	0	0	0	0	0	0	0	0	0	1	1	0	0	0	2	1	1	1	0	0	2	1	0	2	1	3	1	0	0	0	0	1	0	0	2	0	0	0	0	0	2	2	0	0	1	1	0	0	1	1	0	1	0	0	1	0	1	0	1	0	0	6	1	0	1	0	3	2	0	0	1	11	1	8	0	15	19
Troncais	4	4	207	Troncais44	infra	0	0	0	2	0	0	0	0	2	0	0	1	0	0	0	0	0	0	0	0	0	0	0	0	0	0	0	0	0	0	0	0	0	0	0	0	1	0	0	0	0	0	0	1	0	0	0	0	0	0	0	0	0	0	0	0	1	1	0	0	0	0	0	0	0	0	0	0	0	0	0	0	0	0	0	0	0	0	0	1	0	0	0	0	0	0	0	0	1	0	0	0	0	0	0	0	0	0	0	0	0	0	0	0	0	0	2	0	0	0	0	0	0	1	0	0	0	0	0	0	0	0	0	1	0	0	0	0	0	0	0	0	1	0	0	0	0	0	0	0	0	0	1	0	0	1	0	0	0	0	0	1	2	0	0	0	2	0	0	0	0	1	1	0	0	0	0	1	0	1	1	0	0	1	1	2	0	1	2	0	4	0	0	2	0	0	0	0	0	5	2	1	3	1	0	0	0	0	0	1	0	0	0	0	4	0	2	2	0	0	0	0	0	0	1	2	1	0	0	0	0	0	0	0	1	0	0	4	12	0	2	0	3	4	0	0	4	13	0	16	0	7	14
Troncais	5	1	315	Troncais51	supra	0	1	0	0	0	0	0	0	0	0	0	0	0	0	0	0	1	0	0	0	0	0	0	0	0	0	0	1	0	0	0	0	0	0	0	0	0	0	0	0	0	0	0	0	0	0	0	0	0	0	0	0	0	0	0	0	1	0	0	0	0	0	0	0	0	0	0	0	0	0	0	0	0	0	0	2	0	0	0	0	0	0	0	0	0	0	1	0	0	0	0	0	0	0	0	0	0	1	0	0	0	0	0	0	0	0	0	0	0	0	0	0	0	0	0	0	1	0	0	0	0	0	0	0	0	0	0	0	0	1	0	2	0	0	4	0	1	0	9	0	0	0	0	0	0	0	0	2	0	0	0	0	0	0	0	0	0	0	2	2	0	1	0	1	0	0	0	0	0	0	0	1	0	0	1	1	0	3	0	1	0	0	1	0	0	0	0	0	0	0	0	1	0	2	1	0	0	0	3	0	2	0	0	0	0	1	2	0	0	8	3	9	6	10	0	6	1	3	3	1	8	3	10	1	1	2	4	3	1	14	7	0	4	6	0	0	9	8	4	0	55	10	0
Troncais	5	2	315	Troncais52	intra.sup	0	0	0	0	0	0	0	0	0	0	0	0	0	0	0	0	0	0	0	0	0	0	0	0	0	0	0	0	0	0	0	0	0	0	0	0	0	0	0	0	0	0	0	0	0	0	0	0	0	0	0	0	0	0	0	0	1	0	0	0	0	0	0	0	0	0	0	0	0	0	0	0	0	0	0	0	0	0	0	0	0	0	1	0	0	0	0	0	0	0	0	0	0	0	2	0	0	0	1	0	0	0	0	0	0	0	0	0	0	0	0	1	0	0	0	0	0	0	0	0	0	0	0	0	4	0	0	1	0	0	0	0	0	0	0	0	0	0	0	0	0	0	0	0	0	0	2	0	0	0	0	0	0	1	0	1	0	1	0	1	0	1	0	1	0	0	0	1	2	0	0	0	2	0	0	4	2	1	0	5	0	0	0	1	2	0	0	0	0	2	0	3	0	0	2	1	0	1	2	0	5	0	0	1	2	1	2	0	0	6	1	1	2	2	0	1	4	2	3	7	7	2	7	0	1	0	3	2	0	2	2	0	7	5	0	3	19	10	28	2	20	18	0
Troncais	5	3	315	Troncais53	intra.inf	0	0	0	0	0	0	0	0	0	0	0	1	0	0	0	0	0	0	0	0	0	0	0	0	0	0	0	0	0	0	0	0	0	0	0	0	0	0	0	0	0	0	0	0	0	0	0	0	1	0	0	0	0	0	0	0	0	0	0	0	0	0	0	0	0	0	1	0	0	0	0	0	0	0	0	0	0	0	0	0	0	0	1	0	0	0	0	0	0	0	0	0	0	0	0	0	0	0	0	0	0	0	0	0	0	0	0	0	0	0	0	0	2	0	0	0	0	0	0	0	0	0	0	0	0	0	0	2	0	0	1	0	0	0	0	0	0	0	0	0	0	0	0	0	0	0	0	0	0	0	0	0	3	1	1	0	0	0	0	0	0	0	0	0	0	0	0	1	0	0	3	0	0	0	0	1	0	0	0	0	2	2	1	1	1	0	1	0	0	11	0	0	4	1	0	0	0	0	0	0	0	0	0	3	2	1	0	1	0	0	0	0	0	0	1	2	3	1	0	2	0	1	2	0	3	1	1	3	4	1	1	0	2	3	0	1	5	3	6	21	1	28	1
Troncais	5	4	315	Troncais54	infra	0	0	0	0	0	0	0	0	0	0	2	0	0	0	0	0	0	0	0	0	0	0	0	0	0	0	0	0	0	0	0	0	0	0	0	0	0	0	0	0	0	0	0	0	0	0	0	0	0	0	0	0	0	0	0	0	1	1	0	1	0	0	0	0	0	0	0	0	0	0	0	0	0	0	0	1	0	0	0	2	0	0	0	0	0	1	0	0	0	0	0	0	0	0	0	0	0	0	0	0	0	0	0	0	0	0	0	0	0	0	0	0	0	0	0	0	0	0	0	0	0	0	0	1	1	0	0	0	0	0	0	0	0	0	0	0	0	0	4	0	0	0	0	0	0	0	0	0	0	0	0	0	1	0	0	0	1	1	0	0	0	0	0	1	0	1	0	0	0	2	6	0	0	0	0	0	0	0	0	0	0	1	0	0	0	2	0	0	0	4	1	0	3	2	0	0	0	1	0	0	0	0	0	0	1	0	0	1	0	0	0	0	0	0	0	6	0	0	1	0	2	1	5	0	5	0	0	1	8	0	2	0	5	5	0	7	6	1	3	5	0	34	1
Troncais	6	1	327	Troncais61	supra	0	0	0	0	0	0	0	0	0	0	0	0	0	0	0	0	0	0	0	0	0	0	0	0	0	0	0	0	0	0	0	0	0	0	0	0	0	0	0	0	0	0	0	0	1	0	0	0	0	0	0	0	0	0	0	1	0	0	0	0	0	0	0	0	0	0	0	0	0	0	0	0	0	0	0	0	0	0	0	0	0	0	0	0	0	0	0	2	0	1	0	0	0	0	0	0	0	0	1	0	0	0	0	0	1	0	0	0	0	0	0	0	0	0	0	0	0	2	0	0	1	0	2	0	0	0	1	0	0	1	0	1	0	0	0	9	1	1	0	0	0	0	0	0	0	0	0	2	0	1	1	0	0	0	1	0	0	0	1	0	2	1	0	2	0	0	0	0	2	0	1	0	1	0	0	1	0	0	0	0	0	0	4	0	0	1	0	0	0	0	0	0	0	2	0	1	0	1	0	1	0	0	0	0	0	0	0	0	0	1	1	1	1	0	1	1	1	1	2	0	1	4	8	0	5	0	10	2	1	7	29	0	11	5	0	5	18	22	5	2	86	25	1
Troncais	6	2	327	Troncais62	intra.sup	0	0	0	0	0	0	0	0	0	0	0	0	0	0	0	0	0	0	0	0	0	0	0	0	0	0	0	0	0	0	0	0	0	0	0	0	0	0	0	0	0	0	0	0	0	0	0	0	0	0	0	0	0	0	0	0	0	0	0	0	0	0	0	0	0	0	0	0	0	0	0	0	0	0	0	0	0	0	0	0	0	0	0	0	0	0	0	0	0	0	0	0	0	0	0	0	0	1	0	0	0	0	0	1	0	0	0	1	0	0	0	0	1	0	0	0	0	0	0	1	0	0	0	0	1	0	2	0	0	1	0	0	1	0	1	0	0	0	0	0	2	0	0	0	0	0	0	0	0	0	0	0	0	1	0	1	0	0	1	0	0	0	1	0	0	0	0	0	2	1	3	2	0	0	1	1	2	0	0	1	2	0	1	0	1	1	1	2	3	0	0	1	0	0	1	0	0	2	1	0	2	0	0	0	3	0	0	0	1	11	3	2	3	1	2	0	1	1	2	4	7	6	4	0	11	5	8	19	0	3	12	0	15	7	0	16	22	3	38	17	12	18	5
Troncais	6	3	327	Troncais63	intra.inf	0	0	0	0	0	0	0	0	0	0	0	0	0	0	0	0	0	0	0	0	0	1	0	1	0	0	0	0	0	0	0	0	0	0	0	0	0	0	0	0	1	0	0	0	0	0	1	0	1	0	0	0	0	1	0	0	0	0	0	0	0	0	1	0	0	0	0	0	0	0	0	1	1	0	0	0	0	0	0	0	0	0	0	0	1	1	0	0	1	0	0	0	0	0	1	0	0	0	0	0	0	1	2	0	0	0	0	0	0	1	0	0	2	2	0	0	0	0	0	0	0	0	0	0	1	0	2	1	0	0	0	0	0	0	0	0	0	0	0	1	0	0	0	1	0	1	0	0	0	0	0	0	2	1	0	0	0	1	0	0	1	0	0	0	0	0	0	2	0	2	0	1	0	2	0	0	1	0	0	1	3	3	3	1	0	0	1	0	0	0	2	1	1	0	0	0	1	0	0	1	0	0	0	1	1	0	0	1	0	1	2	0	1	1	0	4	2	0	3	0	3	4	10	1	8	0	0	1	4	0	9	0	9	4	0	4	22	6	7	30	5	24	4
Troncais	6	4	327	Troncais64	infra	0	0	0	0	0	0	0	0	1	0	0	0	0	0	0	0	0	1	0	0	0	0	0	0	0	0	0	0	0	0	0	0	0	0	0	0	0	0	0	0	0	0	0	0	0	0	1	0	0	0	0	0	0	0	0	0	0	0	0	0	0	0	0	0	0	2	0	0	0	0	0	0	0	0	0	0	0	0	1	0	0	0	0	0	0	1	0	0	0	0	0	0	0	0	0	0	0	0	0	0	0	1	0	0	0	0	0	0	0	0	0	0	0	0	0	0	0	0	0	0	0	0	0	1	0	0	0	1	0	0	0	0	0	0	0	0	0	0	0	1	0	0	0	6	0	0	0	1	0	0	0	0	0	0	0	0	1	0	0	1	0	0	0	0	0	1	0	1	0	2	0	0	0	1	0	1	1	0	0	0	1	1	0	0	0	0	0	0	0	1	3	0	0	1	0	1	0	6	0	0	0	0	1	0	1	0	3	1	0	0	1	0	0	0	0	2	0	0	2	0	0	3	0	0	3	0	0	3	5	0	4	0	1	1	0	7	4	3	0	13	2	25	2
Troncais	7	1	337	Troncais71	supra	0	0	0	0	0	0	0	0	0	0	0	0	0	0	0	0	0	0	0	0	0	0	0	0	0	0	0	0	0	0	0	0	0	0	0	0	0	0	0	0	0	0	0	0	0	0	0	0	0	0	0	0	0	0	0	0	0	0	1	0	0	0	0	0	0	0	0	1	1	0	0	0	0	0	0	0	0	0	0	0	0	0	0	0	0	0	0	2	0	0	0	0	1	0	0	0	0	0	0	0	0	0	0	0	0	0	0	2	0	0	0	0	0	0	0	0	2	0	0	0	0	0	0	0	0	0	0	0	0	1	1	2	0	0	0	0	0	1	1	0	0	0	1	0	0	0	0	0	0	0	0	1	0	0	0	1	0	0	3	0	0	0	0	0	1	0	0	0	0	1	0	0	1	0	1	0	0	0	0	0	0	0	3	0	0	3	0	2	0	0	0	0	0	0	0	2	1	0	1	0	0	1	0	1	0	0	5	0	0	0	0	4	0	4	0	10	0	0	0	2	0	2	2	0	4	0	14	0	0	10	16	0	3	0	0	6	7	12	10	4	39	24	0
Troncais	7	2	337	Troncais72	intra.sup	0	0	0	0	0	0	0	0	0	0	0	0	0	1	0	0	0	0	0	0	0	0	0	0	1	0	0	0	0	0	0	0	0	0	0	0	0	0	0	0	0	0	0	0	0	1	0	0	0	1	0	0	0	0	0	0	0	0	1	0	1	0	1	0	0	0	0	0	0	0	0	0	0	0	0	0	0	0	0	0	0	0	0	0	0	0	0	0	0	0	1	0	0	0	0	0	0	0	0	0	0	1	0	0	2	1	0	0	0	0	0	0	0	0	0	0	0	0	0	0	0	0	0	1	0	0	1	0	0	0	0	0	0	0	0	2	0	0	0	0	0	0	1	0	0	0	0	1	0	0	0	0	0	3	0	0	0	0	0	0	0	0	1	1	0	1	0	1	2	0	0	1	4	1	0	2	1	1	0	2	0	0	1	0	0	0	0	3	4	3	0	0	1	3	2	0	1	2	0	1	1	1	0	6	2	0	3	0	2	2	4	1	12	1	1	3	2	3	3	6	12	0	6	5	2	0	7	3	0	0	4	0	1	2	0	9	6	7	13	16	32	10	0
Troncais	7	3	337	Troncais73	intra.inf	0	0	0	0	0	0	0	0	0	0	0	0	1	0	0	0	0	0	0	0	1	0	0	0	0	0	0	0	0	0	0	0	0	0	0	0	0	0	0	0	0	1	0	0	0	0	0	0	0	0	0	0	0	0	0	0	0	0	0	0	0	0	0	0	0	0	0	0	0	0	0	0	0	0	0	0	0	0	0	0	0	0	0	0	0	1	0	0	0	0	0	0	0	1	0	0	0	0	0	0	0	0	0	1	0	1	0	0	0	0	0	0	0	0	0	0	0	0	4	0	0	0	0	0	0	0	0	1	0	0	1	0	1	0	0	0	0	0	0	0	0	0	1	0	0	1	0	0	0	0	0	0	2	0	0	0	0	2	0	1	0	0	0	0	1	1	0	0	0	2	0	0	0	3	0	1	0	0	0	3	0	0	0	0	0	0	5	3	2	5	0	0	2	0	0	0	1	0	0	0	0	0	0	1	4	0	2	7	0	0	0	0	0	0	1	1	4	3	0	0	1	2	1	1	3	2	1	4	1	0	0	0	3	1	0	4	10	2	5	33	1	26	2
Troncais	7	4	337	Troncais74	infra	0	1	0	0	0	0	0	0	0	0	1	0	0	0	0	0	0	0	0	0	0	0	0	0	0	0	0	0	0	0	0	0	1	0	0	0	0	0	0	0	0	0	0	0	0	0	0	0	0	0	0	0	0	0	0	0	0	0	0	0	0	1	0	0	0	0	0	0	0	1	0	0	0	0	0	0	0	0	0	0	0	0	0	0	0	1	0	0	0	0	0	0	0	0	0	0	0	0	1	0	0	2	1	1	0	0	0	0	0	0	1	0	1	0	0	0	0	0	0	1	0	0	0	0	0	0	0	1	1	0	1	0	0	0	0	0	0	0	0	0	1	0	2	0	0	0	0	0	0	0	0	0	1	1	0	0	0	0	0	1	0	1	0	2	0	1	0	0	0	2	2	0	0	1	0	2	0	0	0	1	1	3	1	1	0	0	0	0	0	0	7	0	3	0	0	0	0	2	0	0	0	0	0	1	0	0	1	2	0	0	0	1	0	1	2	1	0	0	0	0	0	5	1	1	5	1	0	2	3	4	4	0	3	5	0	14	2	3	2	18	2	21	3
Troncais	8	1	350	Troncais81	supra	0	0	0	0	0	1	0	0	0	0	0	0	0	0	0	0	0	0	0	0	0	0	0	0	0	0	0	0	0	0	0	0	0	0	0	0	0	0	0	0	0	0	0	0	0	0	0	0	0	0	0	0	0	0	0	0	0	0	0	0	0	0	0	0	0	0	0	0	0	0	0	0	0	0	0	0	0	0	0	0	0	0	0	0	0	0	0	0	0	0	0	0	1	0	0	0	0	0	0	0	0	0	0	0	0	0	0	0	0	0	0	0	0	0	0	0	0	1	0	0	2	0	1	1	0	0	0	0	0	1	0	0	0	0	2	0	1	0	2	0	0	0	0	0	0	0	0	1	0	0	1	1	1	0	0	2	0	0	0	0	0	1	1	0	0	0	0	0	1	0	2	0	3	0	1	0	0	2	0	0	0	0	1	0	0	0	0	0	0	0	0	1	1	1	3	0	0	0	3	0	1	3	0	0	0	0	0	0	0	2	5	3	0	13	0	2	5	3	1	2	2	11	11	6	6	1	15	2	2	1	28	0	5	15	0	11	14	16	7	3	41	15	9
Troncais	8	2	350	Troncais82	intra.sup	0	0	0	0	0	0	0	0	0	0	0	0	0	0	0	0	0	0	0	0	0	0	0	0	0	0	0	0	0	0	0	0	0	0	1	0	0	0	0	0	0	0	0	0	0	0	0	0	0	0	0	0	0	2	0	0	1	0	0	0	0	0	2	0	0	0	0	0	0	0	0	0	0	0	1	0	0	0	0	0	0	0	3	2	0	0	0	0	0	0	0	0	0	0	0	0	0	0	0	0	0	0	0	0	0	1	0	0	1	0	0	0	0	0	0	0	0	0	0	0	0	0	0	0	3	0	0	0	0	0	0	0	0	0	1	0	0	0	0	0	0	0	1	0	2	1	0	0	0	0	0	0	0	3	1	0	0	0	0	0	0	0	0	0	0	1	0	0	2	0	2	0	3	2	0	5	0	0	0	1	1	0	2	0	0	2	2	0	1	1	0	1	0	0	4	0	0	0	1	0	2	0	0	1	2	2	0	1	2	1	6	2	1	6	0	1	2	3	2	2	10	8	7	5	5	1	6	1	0	0	4	0	4	5	0	11	19	15	8	21	6	42	0
Troncais	8	3	350	Troncais83	intra.inf	0	0	0	0	0	0	0	0	0	0	0	0	0	0	0	0	0	0	0	0	0	0	0	0	0	0	0	0	0	0	0	0	0	0	0	0	0	0	0	0	0	0	0	0	0	0	0	0	0	1	0	0	0	0	0	0	0	0	0	0	0	0	0	0	1	0	0	0	0	0	0	0	0	0	0	0	0	0	0	1	0	0	0	0	0	0	1	0	0	0	0	0	0	1	1	0	0	0	0	1	0	0	0	0	2	1	0	0	0	0	0	0	1	0	0	1	0	0	0	0	0	0	0	0	1	0	0	0	0	0	2	0	0	0	0	0	0	0	0	1	1	0	1	0	1	0	9	0	0	0	2	0	0	1	0	2	2	0	1	0	0	0	0	0	1	1	0	2	0	0	3	3	1	3	0	2	0	0	0	1	2	3	0	1	0	0	4	0	0	0	0	1	1	0	3	1	0	0	0	0	3	0	0	1	2	0	3	4	2	4	2	3	0	0	11	3	3	0	1	0	0	4	3	2	4	0	2	1	4	0	5	0	7	4	0	9	9	13	2	48	1	51	1
Troncais	8	4	350	Troncais84	infra	0	0	0	0	0	0	0	0	0	0	0	0	0	0	0	1	0	0	0	0	0	1	0	0	0	0	0	0	0	0	0	0	0	0	0	0	0	0	0	0	0	0	0	0	0	0	1	1	0	0	0	0	0	1	0	0	0	1	0	0	0	0	0	0	1	0	1	0	0	0	2	0	0	0	0	0	0	0	0	0	0	0	0	0	0	0	0	0	0	0	0	1	0	1	0	0	0	0	0	1	0	1	1	0	0	0	1	0	1	1	0	0	1	2	0	0	0	0	0	0	0	1	0	0	0	0	0	0	0	0	0	0	1	0	0	0	0	0	0	0	1	0	0	3	2	0	5	0	0	0	1	0	0	0	0	0	1	0	0	0	0	0	0	2	1	0	0	0	0	2	1	0	0	0	0	1	1	0	0	0	0	1	0	0	0	1	1	0	0	0	5	1	0	0	0	0	0	0	0	0	0	1	0	0	4	0	5	1	0	0	0	1	0	0	2	2	1	0	1	0	0	1	1	0	2	0	1	4	15	0	2	0	3	9	0	3	0	6	2	36	1	28	12
Troncais	9	1	368	Troncais91	supra	0	0	0	0	0	0	0	0	0	0	0	0	0	0	0	0	0	0	0	0	0	0	0	0	0	0	0	0	0	0	0	0	0	0	0	0	0	0	0	0	0	0	0	0	0	0	0	0	0	0	0	0	0	0	0	0	0	0	0	0	0	0	0	0	0	0	0	0	0	0	0	0	0	0	0	0	1	0	0	0	0	0	0	0	0	0	1	1	0	0	0	0	0	0	0	0	0	0	1	0	0	0	0	0	0	0	0	0	0	0	0	0	0	0	0	0	1	0	0	0	1	0	4	0	0	0	0	0	0	3	0	2	0	0	1	4	0	0	0	0	0	1	0	0	0	0	0	0	0	0	0	2	0	0	1	1	0	0	1	0	1	0	0	0	1	0	0	0	0	0	1	0	2	0	2	1	0	2	0	0	0	0	0	0	0	0	0	0	0	0	0	2	0	1	0	2	0	0	0	0	1	4	0	0	0	0	0	1	0	1	1	5	0	5	0	0	2	1	1	2	0	5	1	3	3	0	9	0	0	12	10	0	4	2	0	12	1	11	11	0	41	14	4
Troncais	9	2	368	Troncais92	intra.sup	0	0	0	0	0	0	0	0	0	0	0	0	0	0	0	0	0	0	0	0	0	0	0	0	0	0	0	0	0	0	0	0	0	0	0	0	0	0	0	0	0	0	0	0	0	0	0	0	0	0	0	0	0	0	0	0	0	0	0	0	0	0	2	0	0	0	0	0	0	0	0	1	0	0	0	0	0	0	0	0	0	0	0	0	0	0	0	0	0	0	0	0	0	0	1	0	0	0	0	0	0	0	0	0	1	0	0	0	0	0	0	1	0	0	0	0	0	0	0	0	1	0	0	0	0	0	0	0	0	0	1	0	0	0	0	0	0	0	1	0	0	0	0	0	2	0	0	0	0	0	0	0	2	2	1	0	1	4	0	1	0	0	0	0	0	1	0	0	0	0	0	1	1	1	2	1	0	5	0	6	2	0	0	0	0	0	0	1	1	1	0	0	0	0	1	0	0	2	0	0	3	0	1	2	2	0	0	0	7	1	4	1	2	0	1	0	1	2	1	6	6	3	2	0	2	0	0	4	0	1	0	0	3	4	0	9	6	4	32	12	16	11	1
Troncais	9	3	368	Troncais93	intra.inf	0	0	0	0	1	0	0	0	0	0	0	0	1	0	0	0	0	0	0	0	0	0	0	0	0	0	0	0	0	0	0	0	0	0	0	0	0	0	0	0	0	0	0	0	0	0	0	0	0	0	0	0	1	0	0	0	1	0	0	0	0	0	0	0	0	0	0	0	0	0	0	0	0	0	0	0	0	0	0	0	0	0	0	0	0	0	0	0	0	0	0	0	0	0	0	0	0	0	0	0	0	0	0	0	0	0	0	0	0	0	0	0	1	0	0	0	0	0	0	1	0	0	0	0	0	0	0	0	0	0	0	0	2	0	0	0	0	0	0	0	1	0	1	0	0	2	0	1	1	0	0	0	1	0	0	0	1	0	0	0	0	1	0	0	3	2	0	0	0	0	0	0	0	0	1	0	0	0	0	0	0	3	0	0	1	0	3	0	2	1	0	1	4	1	1	0	1	1	0	0	1	0	1	0	0	0	1	3	2	3	1	0	0	0	2	0	0	6	0	1	1	0	3	0	1	0	0	1	11	0	0	0	2	1	0	2	4	1	3	9	0	10	4
Troncais	9	4	368	Troncais94	infra	0	0	0	0	1	0	0	0	0	0	0	0	0	0	0	0	0	0	0	0	0	0	0	0	0	0	0	0	0	0	0	0	0	0	0	0	0	0	0	0	0	0	0	0	0	0	0	0	0	0	0	0	0	0	0	0	0	0	0	0	0	1	0	0	0	0	1	0	0	0	0	0	0	0	0	0	0	0	0	0	0	0	0	0	0	1	1	0	0	0	0	0	0	0	0	0	0	0	0	1	0	3	0	1	0	0	1	0	0	0	0	0	1	1	1	0	0	0	0	0	0	0	1	0	0	0	0	0	0	0	2	0	2	0	0	0	0	0	0	0	0	0	2	2	0	0	2	0	0	0	0	0	0	1	0	0	0	0	0	0	0	1	0	0	1	3	0	0	0	1	0	0	0	0	0	2	1	0	0	0	0	0	1	0	0	0	2	0	0	0	3	0	1	0	0	0	0	0	0	0	0	0	0	2	5	0	1	0	0	0	0	0	1	0	0	4	0	0	1	0	0	0	0	1	0	0	0	0	18	0	0	0	3	2	0	15	0	4	1	17	0	31	5
Troncais	10	1	413	Troncais101	supra	0	0	0	0	0	0	0	0	0	0	0	0	0	0	0	0	0	0	0	0	0	0	0	0	0	0	0	0	0	0	0	0	0	0	0	0	0	0	0	0	0	0	0	0	1	0	0	0	0	0	0	0	0	0	0	0	0	0	0	0	0	0	0	0	0	0	0	0	0	0	0	0	0	0	0	0	0	0	0	0	0	0	0	0	0	0	0	0	0	0	0	0	0	0	0	0	0	0	0	0	0	0	0	0	0	0	0	0	0	0	0	0	0	0	0	0	0	0	0	0	0	0	0	0	0	0	0	0	0	0	0	0	1	0	0	1	0	0	0	0	0	0	0	0	0	0	0	0	0	0	0	0	0	0	0	0	0	0	1	0	1	0	0	0	0	0	0	0	0	0	0	0	0	0	2	0	0	0	0	0	0	0	2	0	0	0	0	0	0	0	0	0	0	0	0	0	0	0	0	1	1	1	0	0	0	0	0	0	0	1	2	3	0	4	0	5	0	0	0	0	0	5	5	1	0	0	4	2	0	6	17	0	1	0	0	1	2	9	1	1	22	4	2
Troncais	10	2	413	Troncais102	intra.sup	0	0	0	0	0	0	0	0	0	0	0	0	0	0	0	0	0	0	0	0	0	0	0	0	0	0	0	0	0	0	0	0	0	0	0	0	0	0	0	0	0	0	0	0	0	0	0	0	0	1	0	0	0	0	0	0	0	0	0	0	1	0	0	0	0	0	0	0	0	0	0	0	0	0	1	0	0	0	0	0	0	0	0	0	0	0	1	0	0	0	0	0	0	0	0	0	0	1	0	0	0	0	0	0	0	0	0	1	1	0	0	1	0	0	1	0	0	0	0	0	0	0	0	1	0	0	0	0	0	0	0	0	0	0	1	1	0	0	0	0	0	0	0	0	0	0	0	0	0	0	0	0	0	1	0	0	0	0	1	0	0	1	0	0	0	0	0	0	0	0	0	0	3	0	0	1	0	1	0	2	0	0	0	2	0	0	0	0	0	0	0	0	0	5	3	0	2	1	1	0	0	1	0	1	0	1	1	0	0	0	2	1	4	5	0	2	0	0	4	2	10	1	3	0	0	0	9	1	0	1	6	0	5	2	0	3	25	4	1	3	6	8	0
Troncais	10	3	413	Troncais103	intra.inf	0	0	0	0	0	0	0	0	0	0	0	0	0	0	2	0	0	0	0	0	0	0	0	0	0	0	0	0	0	0	0	0	0	0	0	0	0	0	0	0	0	0	0	0	0	0	0	0	0	0	0	0	0	0	0	0	0	0	0	0	0	0	0	0	0	0	0	0	0	0	0	0	0	0	0	0	0	0	0	0	0	2	0	0	0	0	1	0	0	0	0	0	0	0	0	0	0	0	0	1	0	0	0	0	0	1	3	0	0	0	0	0	0	0	3	0	0	0	0	0	0	0	0	0	1	0	1	0	0	0	0	0	0	0	2	0	0	0	0	0	0	0	0	0	0	0	0	0	0	0	0	0	0	2	0	0	1	4	0	1	0	1	0	0	0	0	0	0	1	2	2	0	0	1	0	2	0	0	0	0	0	0	1	1	0	0	2	0	0	1	0	1	0	0	2	0	2	1	0	0	1	0	0	2	1	0	2	0	0	0	0	4	0	0	4	3	1	1	0	1	1	3	1	0	1	0	2	0	1	2	5	0	8	2	0	14	14	0	0	32	0	13	0
Troncais	10	4	413	Troncais104	infra	0	0	0	0	0	0	0	0	0	0	0	0	0	0	0	0	0	0	0	0	0	0	0	0	0	0	0	0	0	0	0	0	0	0	1	0	0	0	1	0	0	0	0	0	0	0	1	0	0	0	0	0	0	0	0	0	0	0	0	0	0	0	0	0	0	0	0	0	1	1	0	1	0	0	0	0	0	0	0	0	0	0	0	0	0	0	1	0	0	0	0	0	0	0	0	0	0	0	0	0	0	0	0	0	0	1	0	0	0	0	0	0	0	1	0	0	0	0	0	0	0	0	0	0	0	0	1	0	0	0	0	0	0	0	0	0	0	0	0	0	0	0	0	0	0	0	0	0	1	0	1	0	0	0	0	0	0	1	0	0	0	0	0	1	0	0	0	1	0	2	1	2	0	0	0	2	0	2	0	0	0	3	1	0	1	0	0	0	0	0	0	0	0	0	0	0	0	0	0	2	0	0	0	0	1	1	2	0	0	0	0	2	0	0	3	9	1	0	0	0	0	2	1	0	0	0	0	5	5	0	0	0	8	7	0	8	2	2	0	15	4	9	0
Vierzon	11	1	81	Vierzon111	supra	0	0	0	0	0	0	1	0	0	0	0	0	0	0	0	0	0	0	1	0	0	0	0	0	0	1	0	2	0	0	0	0	0	0	0	0	0	1	0	1	0	0	0	0	0	0	0	0	0	0	1	0	0	0	0	0	0	0	0	0	0	0	0	1	0	0	0	1	1	0	0	0	0	0	0	0	0	0	0	0	0	0	0	1	0	0	0	0	0	1	0	0	0	0	0	1	0	0	0	1	0	0	0	0	1	1	0	0	0	0	0	3	0	0	0	0	2	1	0	0	0	0	0	0	0	0	0	0	0	0	0	1	0	1	0	0	1	1	0	0	0	0	0	0	0	1	0	1	0	1	0	3	0	0	0	0	0	0	2	0	0	0	0	0	0	0	0	1	0	0	0	0	1	0	0	0	0	0	1	0	0	0	0	0	0	0	0	2	0	0	0	0	0	0	0	2	0	0	0	1	1	0	0	0	0	1	7	0	0	4	0	6	0	1	0	0	1	1	0	0	0	9	1	6	6	1	2	0	0	11	6	3	1	1	32	2	7	28	23	1	59	34	29
Vierzon	11	2	81	Vierzon112	intra.sup	0	0	0	0	0	0	0	1	0	0	0	0	0	0	0	0	0	0	0	0	0	0	0	0	0	2	0	0	0	0	0	0	0	0	0	0	0	0	0	0	0	0	1	0	0	0	0	0	0	0	0	0	0	0	0	0	0	0	0	0	0	0	0	0	0	0	0	0	0	0	0	0	0	1	0	0	0	0	0	0	0	0	0	1	0	0	0	0	0	0	0	0	0	0	0	1	0	0	0	1	1	0	0	0	1	1	0	0	0	0	0	0	0	0	0	0	0	0	0	1	1	0	0	0	0	0	0	0	0	1	0	0	0	3	0	0	0	0	0	1	0	0	0	0	3	2	0	0	0	0	1	0	0	0	0	0	1	1	1	1	0	1	1	0	0	4	0	0	2	0	0	2	0	1	0	0	1	1	0	1	1	0	2	1	1	0	0	0	1	0	0	1	0	2	1	2	1	0	1	0	2	1	5	1	0	0	0	1	5	3	3	1	11	1	0	1	9	2	6	3	9	5	2	2	6	19	3	1	0	4	4	41	6	4	134	0	4	2	63	10	96	18	59
Vierzon	11	3	81	Vierzon113	intra.inf	0	0	0	0	0	0	0	0	0	0	0	0	0	0	0	0	0	0	0	0	1	0	0	0	0	0	0	0	0	0	0	1	0	0	0	0	0	0	0	0	0	0	0	0	0	0	0	0	0	0	0	0	0	0	0	0	0	0	0	0	0	0	0	0	0	0	0	0	0	0	0	0	0	0	0	0	0	0	0	0	0	0	0	0	0	0	0	0	0	0	0	1	0	1	0	0	0	0	0	0	0	0	0	0	0	0	0	0	0	0	0	0	0	0	0	1	0	0	0	0	0	0	0	0	0	0	0	0	0	0	0	0	0	0	0	0	0	0	0	2	0	0	0	0	1	2	0	0	0	0	0	0	0	0	0	0	1	0	0	0	0	0	0	0	0	1	0	0	0	0	0	0	0	0	0	0	1	1	1	0	1	0	0	0	2	0	3	1	1	0	0	0	0	0	1	1	1	1	0	1	3	0	3	1	1	1	1	0	2	2	2	0	3	2	0	0	4	1	1	0	3	0	3	1	3	1	0	0	0	0	1	2	6	0	3	1	3	1	9	36	25	39	38
Vierzon	11	4	81	Vierzon114	infra	0	0	0	0	0	0	0	0	0	0	0	0	0	0	0	0	2	0	0	0	0	0	0	0	0	0	0	0	0	0	0	0	1	0	0	0	0	0	0	0	0	0	0	0	0	0	0	0	1	0	0	0	0	0	0	0	0	0	0	0	0	0	0	0	0	0	0	0	0	0	0	0	0	1	1	0	0	0	0	0	0	0	0	1	0	0	0	0	0	0	0	0	0	0	0	0	0	0	0	0	0	0	1	0	0	0	0	0	0	0	0	0	0	0	0	1	0	0	0	1	0	0	0	0	0	0	0	0	0	0	0	0	1	2	0	0	0	0	0	0	0	0	0	1	2	1	0	0	0	0	0	1	0	0	0	0	0	1	0	0	0	2	0	0	0	0	2	0	0	0	0	2	0	1	0	0	0	1	2	0	0	0	0	6	0	0	0	1	1	0	4	0	0	1	1	1	0	1	0	0	1	1	6	0	0	0	3	0	0	0	0	1	0	0	2	1	0	2	1	0	2	1	0	2	4	1	0	1	0	0	0	2	4	1	2	1	0	1	1	11	9	32	37
Vierzon	12	1	22	Vierzon121	supra	0	0	0	0	0	0	0	0	0	0	0	0	0	1	0	0	0	0	0	0	0	0	0	0	0	0	0	1	0	0	0	0	0	0	0	0	0	0	0	0	0	0	0	0	0	0	0	0	0	0	0	0	0	0	0	1	0	0	0	0	0	0	0	1	0	0	0	0	1	0	0	0	0	0	0	0	0	0	0	0	0	0	0	0	0	0	0	0	0	0	0	0	0	0	0	0	0	0	0	0	0	0	0	0	0	0	0	0	0	0	0	0	0	0	0	0	2	0	0	0	0	0	1	0	0	0	0	0	0	0	0	1	0	0	0	0	1	0	0	0	0	4	0	0	0	0	0	0	0	2	0	0	0	0	0	1	0	0	1	0	1	0	0	0	0	0	0	0	0	0	0	0	2	0	1	0	0	0	0	0	0	0	1	0	0	0	0	1	0	0	0	0	0	0	4	3	1	1	0	0	0	1	0	0	0	3	3	0	0	3	0	3	1	7	0	3	1	0	8	2	1	2	1	17	1	0	11	1	0	19	10	9	2	1	11	23	7	4	18	1	12	21	25
Vierzon	12	2	22	Vierzon122	intra.sup	0	0	0	0	0	0	0	0	0	0	0	0	0	0	0	0	0	0	0	0	0	0	0	0	0	0	0	0	1	0	0	0	0	0	0	0	0	0	0	0	0	0	0	0	0	0	0	0	0	0	0	0	0	0	0	0	0	0	0	0	0	0	0	0	0	0	0	0	0	0	0	1	1	0	0	0	0	0	0	0	0	0	0	0	1	0	0	0	0	0	0	0	0	0	0	0	0	0	0	0	0	0	0	0	0	0	0	0	0	0	0	1	0	0	0	0	0	0	0	0	0	0	0	0	0	1	0	0	0	0	0	0	0	0	1	0	1	0	0	0	1	0	0	0	0	0	0	0	0	1	1	0	0	1	2	1	0	1	0	0	0	1	1	0	1	0	1	0	0	0	0	0	1	1	1	0	2	2	0	3	1	0	0	1	0	1	0	1	0	1	1	4	0	1	3	0	8	0	0	3	1	0	3	2	0	2	1	0	4	0	1	2	4	0	3	1	0	1	7	4	1	1	1	4	3	0	5	1	0	0	1	12	2	1	6	6	11	2	5	30	13	11	124
Vierzon	12	3	22	Vierzon123	intra.inf	0	0	0	0	0	0	0	0	0	0	0	0	0	0	0	0	0	0	0	0	0	0	0	0	0	0	0	0	0	0	0	1	0	1	0	0	0	0	1	0	1	0	0	0	0	0	0	0	0	0	0	0	0	0	0	0	0	0	0	0	0	0	0	0	0	0	0	0	0	0	0	0	0	0	0	0	0	0	0	0	0	0	0	0	0	0	0	0	0	0	0	0	0	0	0	0	0	0	0	0	0	0	0	0	0	1	0	0	0	0	2	0	0	1	0	0	0	0	0	0	0	3	0	0	0	0	0	0	0	0	0	0	0	0	0	0	0	0	0	1	0	0	0	0	0	0	0	0	0	0	0	0	0	0	1	0	0	1	0	0	0	0	2	0	0	0	0	1	0	0	0	0	0	0	0	0	0	0	0	0	0	0	0	1	0	0	0	1	0	1	0	3	0	0	0	1	0	0	0	0	0	0	0	2	1	10	1	2	0	0	1	0	0	0	3	0	2	0	0	1	0	0	1	2	4	0	1	0	3	0	0	2	2	4	0	4	3	3	0	18	0	16	224
Vierzon	12	4	22	Vierzon124	infra	0	0	0	0	0	0	0	0	0	0	0	0	0	0	0	0	0	0	0	0	0	0	0	0	0	0	1	0	0	0	0	0	0	0	0	0	0	0	0	0	0	0	0	0	0	1	0	0	0	0	0	0	0	0	0	0	0	0	0	0	0	0	0	0	0	0	0	0	0	0	0	0	0	0	0	0	0	0	0	0	0	1	0	0	0	0	1	0	2	1	0	0	0	0	0	0	0	0	0	0	0	0	0	2	0	0	0	0	0	1	1	0	0	1	0	0	0	0	0	0	0	7	0	0	0	0	0	0	0	0	0	0	0	0	0	0	0	0	0	0	0	0	0	0	0	0	0	0	0	0	0	0	0	0	0	1	0	1	0	0	0	0	0	0	0	0	1	1	0	1	0	0	0	0	0	0	1	0	2	0	0	0	0	1	1	0	1	0	0	0	1	2	1	0	0	1	1	0	0	2	0	0	1	2	0	29	5	1	0	0	1	0	0	0	1	1	0	1	2	0	0	0	0	0	9	1	0	1	2	0	0	2	3	4	0	13	1	3	3	15	0	20	228
Vierzon	13	1	63	Vierzon131	supra	0	0	0	0	0	0	0	0	0	0	0	0	0	0	0	0	0	0	0	0	0	0	0	0	1	0	0	0	0	1	0	0	0	0	0	0	0	0	0	0	0	0	0	0	0	0	0	0	0	0	0	0	0	0	0	0	0	0	0	0	0	0	0	0	0	0	0	1	0	0	0	0	0	0	0	0	0	0	0	0	0	0	0	0	0	0	0	0	0	1	0	0	3	0	0	0	0	0	0	0	1	0	0	0	0	0	0	1	0	0	0	0	0	0	1	0	1	0	0	0	4	0	0	0	0	0	0	0	0	0	0	2	0	1	0	0	0	2	0	0	0	2	0	0	2	0	0	2	0	1	0	0	1	0	0	4	0	0	2	0	0	0	1	0	0	0	0	3	0	0	0	2	0	0	2	0	0	0	0	0	0	0	0	0	0	1	0	1	0	0	0	0	0	4	0	4	0	0	1	0	1	0	0	0	0	2	4	1	3	1	1	9	1	4	0	0	4	0	12	13	0	2	0	13	0	8	7	1	0	3	5	0	4	16	30	13	11	49	20	1	69	24	20
Vierzon	13	2	63	Vierzon132	intra.sup	0	0	0	0	0	0	0	0	0	0	0	0	0	0	0	0	0	0	0	0	0	0	0	0	0	0	0	0	0	0	0	0	0	2	1	0	0	1	0	0	0	0	0	0	0	0	0	0	0	0	0	0	0	0	0	0	0	0	0	0	0	0	0	1	0	0	0	0	0	0	0	0	1	0	0	0	0	0	0	0	8	0	0	1	0	0	0	0	0	0	0	0	0	0	0	0	0	0	0	0	4	0	0	0	0	0	3	0	0	0	0	0	0	0	0	0	0	0	1	0	1	0	0	1	0	0	0	1	0	0	0	0	1	4	0	0	0	0	0	0	0	0	0	0	1	1	0	0	0	0	0	0	1	0	2	0	0	0	0	1	0	0	7	0	1	1	3	3	1	0	0	0	0	0	1	0	2	3	2	1	1	0	0	1	12	0	0	0	0	0	0	1	0	0	2	1	0	2	3	1	3	0	3	1	1	2	0	6	10	0	3	1	4	5	0	1	7	3	5	18	11	0	1	1	3	8	3	6	0	2	0	0	8	32	34	0	3	14	14	1	65	10	8
Vierzon	13	3	63	Vierzon133	intra.inf	0	0	0	1	0	0	0	0	0	0	0	0	0	0	0	0	0	0	0	0	0	0	1	0	0	0	0	0	0	0	0	0	0	0	0	0	0	0	0	0	0	0	0	0	0	0	0	0	0	0	0	0	0	0	0	0	0	0	0	0	0	0	0	0	0	0	0	0	0	0	0	0	0	0	0	0	0	0	0	0	0	0	0	0	0	0	0	0	0	0	0	0	0	0	0	0	0	0	0	0	0	0	0	0	0	0	0	0	0	0	0	0	0	0	0	0	0	0	0	0	0	0	0	0	0	0	0	0	0	0	0	0	0	0	0	0	0	0	0	0	0	0	1	1	0	0	0	0	0	0	0	0	1	2	0	0	2	0	0	0	0	1	0	0	0	0	0	0	0	0	0	0	0	0	0	0	5	0	2	0	0	0	0	0	7	0	1	0	0	0	0	0	0	0	0	2	0	1	0	0	2	0	2	0	2	10	0	3	4	1	0	0	0	0	0	0	0	0	0	5	0	0	0	0	0	0	1	0	0	0	0	0	1	1	3	0	1	5	6	14	2	3	24
Vierzon	13	4	63	Vierzon134	infra	0	0	0	0	0	0	0	0	0	0	0	0	0	0	0	0	0	0	0	0	0	0	1	0	0	0	1	0	0	0	0	0	0	0	0	0	1	0	0	0	0	0	0	0	0	0	0	0	0	0	0	0	0	0	0	0	0	0	0	0	0	0	0	0	0	0	0	0	0	0	0	0	0	0	0	0	0	1	0	0	0	0	0	0	0	0	0	0	0	0	0	0	1	1	0	0	0	0	0	0	0	0	0	0	0	0	0	0	0	0	0	0	0	0	0	0	0	0	0	0	0	0	0	1	0	0	0	0	0	0	0	0	2	0	0	0	0	0	0	0	0	0	1	0	0	0	0	0	1	0	0	0	0	0	0	0	2	0	0	0	0	0	1	0	0	0	0	0	0	0	0	1	0	0	0	0	0	1	0	0	0	0	0	0	2	0	0	0	0	0	0	0	0	0	0	0	0	1	0	0	1	0	2	0	2	9	0	10	0	1	0	0	0	0	0	0	0	0	0	5	0	0	0	0	0	0	0	0	1	0	0	0	1	4	0	1	0	1	11	3	0	2	18
Vierzon	14	1	71	Vierzon141	supra	0	0	0	0	0	0	0	1	0	0	0	0	0	0	0	0	0	0	0	1	0	0	0	0	0	0	0	0	0	0	1	0	0	0	0	0	0	0	0	1	0	0	0	0	1	0	0	0	0	0	0	0	0	0	0	1	0	0	0	0	0	0	0	0	0	0	0	1	0	1	0	0	0	0	0	0	0	0	0	0	0	0	0	0	0	0	0	2	0	1	0	0	0	0	0	0	0	0	0	0	0	0	0	0	0	0	0	1	0	0	0	0	0	0	0	0	1	1	0	0	0	0	0	0	0	0	0	0	0	0	0	0	0	0	0	0	1	1	0	0	0	2	0	0	0	0	0	0	0	3	1	1	0	0	0	0	0	0	1	0	0	0	0	0	0	0	0	0	0	0	0	0	0	0	2	0	0	0	1	0	0	0	2	0	0	0	0	0	0	0	0	0	0	2	0	2	0	1	0	0	1	1	0	0	0	0	1	0	0	3	2	5	0	0	0	4	2	0	0	0	4	5	1	0	7	0	4	0	0	2	12	7	2	0	9	7	2	7	7	2	21	28	6
Vierzon	14	2	71	Vierzon142	intra.sup	0	0	0	0	0	0	0	0	0	0	0	0	0	0	0	0	0	0	0	0	1	0	0	0	0	0	0	0	0	0	0	0	0	0	0	0	0	0	0	0	0	0	0	0	0	0	0	0	0	0	0	0	0	0	0	0	0	0	1	0	0	0	0	0	0	0	0	0	0	0	0	0	0	1	0	0	0	0	0	0	0	0	0	0	0	0	0	0	0	0	0	0	0	0	0	0	0	0	0	1	0	0	0	0	1	0	0	1	0	0	0	0	0	0	0	0	0	0	1	2	0	0	0	0	0	0	0	0	0	0	1	0	0	0	0	0	0	4	0	0	0	0	0	0	0	0	0	0	0	0	2	1	0	0	0	0	0	0	2	7	2	0	0	0	0	1	1	0	2	0	0	1	0	1	0	0	0	0	2	4	1	0	0	0	0	0	1	1	11	0	0	0	0	5	0	1	7	1	1	11	2	1	6	0	1	0	1	0	2	3	1	1	4	2	3	0	2	4	3	3	14	10	6	1	7	16	4	1	0	20	17	90	9	1	13	19	20	4	9	11	24	31	3
Vierzon	14	3	71	Vierzon143	intra.inf	0	0	0	0	0	0	0	0	0	0	0	0	0	0	1	0	0	0	0	0	0	0	0	0	0	0	0	0	0	1	0	0	0	1	0	0	1	0	1	0	0	0	0	1	0	0	0	0	0	0	0	0	0	0	1	0	0	0	1	1	0	0	0	0	0	0	0	0	0	1	1	0	0	1	1	1	0	0	3	0	0	0	1	0	0	0	0	0	0	0	0	1	0	1	0	1	0	0	0	0	0	0	0	0	0	0	0	0	1	0	2	1	0	0	0	1	0	0	0	2	0	0	0	0	0	1	0	0	0	0	0	0	0	0	0	0	0	1	0	0	0	0	0	0	0	0	0	0	0	0	1	0	1	0	2	0	0	3	0	2	0	0	0	1	0	2	3	0	1	1	1	2	0	1	0	0	0	0	1	0	2	3	0	2	0	0	3	0	1	0	0	0	2	3	0	0	2	1	0	12	4	2	7	2	0	0	6	0	5	0	0	1	0	0	24	0	2	0	2	0	1	7	6	1	8	3	2	2	1	6	1	1	4	1	0	4	22	6	3	65	2	101	4
Vierzon	14	4	71	Vierzon144	infra	0	0	0	0	0	0	0	0	0	0	0	0	0	0	0	0	0	0	0	0	0	0	0	0	0	0	0	0	0	0	0	1	0	0	0	0	0	0	0	0	0	0	0	0	0	0	0	0	1	0	0	0	0	0	0	0	0	0	0	0	0	0	0	0	0	0	0	0	0	0	0	0	0	2	0	0	0	0	0	0	0	0	0	0	1	0	0	0	2	1	0	0	0	1	0	0	0	0	0	0	0	0	0	0	0	0	0	0	0	7	0	0	0	1	0	0	0	0	1	2	0	0	0	0	0	0	0	0	0	0	0	0	0	0	0	0	0	0	0	0	0	0	0	0	0	0	0	0	1	0	2	3	0	0	0	0	3	0	0	0	0	0	0	0	1	0	4	0	0	2	1	0	0	2	0	0	1	0	2	0	0	3	0	6	0	0	0	0	1	0	0	1	0	5	0	0	0	0	0	11	3	0	4	0	0	0	6	1	0	0	0	1	0	0	34	2	1	0	0	0	0	5	0	0	1	0	0	2	2	0	0	2	3	0	0	2	1	8	0	15	0	36	2
Vierzon	15	1	170	Vierzon151	supra	0	0	0	0	0	0	0	0	0	0	0	0	0	0	0	0	0	0	0	0	0	0	0	0	0	0	0	0	0	0	0	0	0	0	0	0	0	0	0	0	0	0	0	0	0	0	0	0	0	0	0	0	0	0	0	0	0	0	0	0	0	0	0	1	0	0	0	0	0	0	0	0	0	0	0	0	0	0	0	0	0	0	0	1	0	0	0	0	0	0	1	0	0	0	0	0	0	0	0	0	0	0	0	0	0	0	0	0	0	0	0	0	0	0	0	0	0	0	0	0	0	0	0	0	1	0	0	0	0	0	0	2	0	0	0	0	2	0	0	0	0	3	0	0	0	0	0	0	0	1	0	2	0	0	0	0	0	0	4	0	0	0	0	0	1	0	0	1	0	0	1	1	0	0	1	0	0	0	0	0	0	0	0	0	0	2	0	0	0	0	0	0	0	0	0	1	0	0	0	0	0	0	0	0	0	0	0	0	0	2	0	1	0	0	0	0	3	0	0	1	0	2	0	0	1	0	1	0	0	27	4	0	1	0	2	14	1	3	4	3	7	7	4
Vierzon	15	2	170	Vierzon152	intra.sup	0	0	0	0	0	0	0	0	0	0	0	0	0	0	0	0	0	0	0	0	0	0	0	0	0	0	0	0	0	0	1	0	0	0	0	0	0	0	0	0	0	0	0	0	0	0	0	0	0	0	1	0	0	0	1	0	0	0	0	0	0	0	0	0	0	0	0	1	0	0	0	0	0	0	0	1	2	0	0	0	0	0	0	0	0	0	0	0	0	1	0	0	0	0	1	0	1	0	0	0	0	0	0	1	1	0	0	1	0	0	0	0	0	0	0	0	0	0	0	0	0	0	0	0	0	0	0	0	0	1	0	0	0	0	0	0	1	0	0	0	0	0	0	0	1	0	0	1	0	1	1	1	1	0	2	2	0	0	0	1	1	0	2	0	0	1	2	1	0	0	0	2	0	0	2	0	2	4	0	0	0	0	1	0	2	0	0	1	9	0	0	2	0	1	2	1	1	1	11	2	1	1	0	1	3	0	2	2	1	2	4	2	15	5	1	0	11	3	12	3	4	1	2	5	1	3	2	4	0	28	0	13	1	12	2	4	2	9	13	1	11	13	2
Vierzon	15	3	170	Vierzon153	intra.inf	0	0	0	0	0	0	1	0	0	0	0	0	0	0	0	0	0	0	0	0	0	2	0	0	0	0	0	0	0	0	0	0	0	0	0	0	0	0	0	1	0	0	0	0	0	0	0	0	0	0	0	0	0	0	0	1	0	0	1	0	0	0	0	0	0	0	0	0	0	1	0	0	0	0	1	0	0	0	0	0	0	0	0	0	0	1	0	0	0	0	0	0	0	0	0	0	1	0	0	0	0	0	1	0	0	0	0	0	0	0	1	0	0	0	0	0	0	0	0	0	0	0	0	0	0	0	0	0	1	0	0	0	0	1	0	0	0	0	0	0	1	0	0	2	0	1	0	0	0	0	0	0	0	0	0	0	0	0	1	0	0	0	0	0	0	0	4	0	0	0	0	1	0	0	1	0	1	0	2	0	0	0	0	5	0	1	1	1	0	0	1	1	0	0	1	1	1	0	0	0	3	0	1	0	1	0	1	1	0	2	1	0	0	1	0	1	8	1	3	0	1	2	1	1	1	0	0	5	0	0	1	1	2	0	0	4	1	2	3	22	0	10	3
Vierzon	15	4	170	Vierzon154	infra	0	0	0	0	0	0	0	0	0	0	0	0	0	0	0	0	0	0	0	0	0	0	0	0	0	0	0	0	0	0	0	0	0	0	0	0	0	1	0	0	0	0	0	1	0	0	0	0	0	0	0	0	0	0	0	0	0	0	0	0	0	0	0	0	0	0	0	0	0	0	0	0	1	0	0	0	0	0	0	0	0	1	0	0	1	0	0	0	2	0	0	1	0	0	0	0	1	0	0	0	0	0	0	0	0	0	0	0	0	0	0	0	0	0	0	0	0	0	0	0	0	2	0	0	0	0	0	0	0	0	0	0	0	0	0	0	0	0	0	0	0	0	0	3	0	0	0	0	0	0	0	0	0	0	1	0	1	0	0	0	1	0	0	0	2	1	1	1	0	1	0	2	0	0	0	0	0	0	4	0	1	0	0	3	0	0	1	2	0	0	3	2	1	1	0	0	0	1	0	0	0	0	0	0	1	1	0	0	0	0	0	0	0	1	0	0	1	1	2	0	0	0	0	0	2	1	0	6	1	0	0	1	3	2	0	1	1	2	1	10	0	4	3
Vierzon	16	1	179	Vierzon161	supra	0	0	0	0	0	0	0	0	0	0	0	0	0	0	0	0	0	0	0	0	0	0	0	0	0	0	0	0	0	0	0	0	0	0	0	0	0	0	0	0	0	0	0	0	1	0	0	0	0	0	0	0	0	0	0	0	0	0	0	0	0	1	0	0	0	0	0	0	0	0	0	0	0	0	0	0	0	0	0	0	0	0	0	0	0	0	0	0	0	0	1	0	0	0	0	0	0	1	0	0	0	0	0	0	0	0	0	0	0	0	0	0	0	0	0	0	0	0	0	0	0	0	0	0	0	0	0	0	0	0	0	1	0	0	0	0	1	0	0	0	0	1	0	0	0	0	0	0	0	1	1	0	0	0	1	1	0	0	0	0	1	1	0	0	0	0	0	0	0	0	0	0	0	0	2	0	0	0	0	0	0	0	1	0	0	0	0	2	0	0	0	0	0	0	3	1	2	0	3	3	0	32	0	0	0	1	1	0	0	2	2	5	1	7	0	2	0	3	0	2	0	3	5	17	0	7	1	1	0	8	6	7	1	1	20	21	7	15	12	2	18	10	6
Vierzon	16	2	179	Vierzon162	intra.sup	0	0	1	0	0	0	0	0	0	1	0	0	0	0	0	0	0	0	0	0	0	0	0	0	0	0	0	0	0	0	0	0	0	0	0	0	0	0	0	0	0	0	0	0	0	1	0	0	0	0	0	0	0	0	0	0	0	0	0	0	0	0	0	1	0	0	0	0	0	0	0	0	0	0	0	0	0	0	0	0	0	1	0	0	0	0	0	0	0	0	0	0	0	0	0	1	4	0	0	0	0	0	0	0	1	0	0	0	0	0	0	0	0	0	0	4	0	0	0	0	1	0	0	0	0	0	0	0	0	0	0	0	0	0	0	0	0	0	0	0	0	0	0	0	0	0	0	0	0	1	0	0	1	0	0	0	0	0	0	2	0	0	1	3	0	1	0	0	0	0	0	1	0	2	0	0	0	0	3	2	0	0	1	0	7	0	2	5	2	0	0	1	0	0	9	2	13	0	4	3	4	3	5	0	3	1	0	0	10	8	13	3	14	1	4	1	2	16	16	7	7	0	12	9	3	97	4	0	0	5	1	17	9	9	139	10	23	17	40	8	39	7	33
Vierzon	16	3	179	Vierzon163	intra.inf	0	0	0	0	0	0	0	0	0	0	0	0	0	0	0	0	0	0	0	0	0	0	0	0	0	0	0	0	0	0	0	0	0	0	0	0	0	0	0	0	0	0	0	0	0	0	0	0	0	0	0	0	0	0	0	0	0	0	0	0	1	0	0	0	0	0	0	0	0	0	0	1	0	0	0	0	0	0	0	0	0	0	0	0	0	0	0	0	0	0	0	0	0	0	0	0	0	0	0	0	0	0	0	0	0	0	0	0	0	0	0	0	0	0	0	1	0	0	0	0	0	0	0	0	0	0	0	0	2	0	0	0	0	0	0	0	0	0	0	0	0	0	0	0	0	0	0	1	0	0	0	0	0	0	1	1	0	0	0	1	0	0	0	2	1	0	0	0	0	0	0	0	0	1	0	0	0	0	4	0	0	0	1	0	0	0	3	0	0	1	0	2	0	1	1	0	0	0	0	0	0	0	2	0	0	0	1	0	2	0	0	0	0	1	1	0	1	0	0	0	1	2	6	2	1	0	0	2	0	0	2	1	1	2	1	5	23	6	1	18	0	7	3
Vierzon	16	4	179	Vierzon164	infra	0	0	0	0	0	0	0	0	0	0	0	0	0	0	0	0	0	0	0	0	0	0	0	0	1	0	0	0	0	0	0	0	1	0	0	0	0	0	0	0	0	0	0	0	0	0	0	1	0	0	0	0	0	0	0	0	0	0	0	0	0	0	0	0	0	0	0	0	0	1	1	0	0	0	0	0	0	0	0	0	0	0	0	0	0	0	0	0	0	0	0	0	0	1	0	0	1	1	0	0	0	0	0	0	0	0	0	0	0	0	0	0	1	0	0	0	0	0	0	0	0	0	1	1	0	0	0	2	1	0	0	0	0	1	0	0	0	0	0	8	0	0	0	0	0	1	0	1	0	0	0	0	0	0	0	0	2	1	1	0	0	0	2	0	0	2	1	0	1	1	0	2	0	2	1	0	4	0	1	0	3	1	0	2	2	0	2	1	2	4	0	4	4	1	1	0	2	1	0	2	0	0	1	0	2	2	1	3	0	1	1	0	0	0	1	0	2	2	2	1	1	1	4	5	6	3	0	8	0	1	1	0	0	5	7	11	5	11	9	28	2	13	36
Vierzon	17	1	236	Vierzon171	supra	0	0	1	0	0	0	0	0	0	0	0	0	0	0	0	0	0	0	0	0	0	0	0	0	0	0	0	0	0	0	0	0	0	0	1	0	0	0	0	0	0	0	1	0	0	0	0	0	0	0	2	0	0	0	1	0	0	0	0	0	0	0	0	1	0	0	0	0	0	1	0	0	0	0	0	0	0	0	0	0	0	0	0	0	0	0	0	0	0	0	0	0	0	0	0	0	0	0	0	0	0	0	0	0	0	0	0	0	0	0	0	0	0	0	0	0	0	4	0	0	0	0	1	1	0	2	0	1	0	0	0	0	0	1	2	0	2	0	0	0	0	3	0	0	1	0	0	0	0	1	0	0	0	0	1	0	0	0	1	0	0	0	0	2	3	0	0	1	0	0	0	1	1	0	1	0	0	0	0	0	1	0	0	0	0	0	0	1	0	0	0	3	0	1	0	5	1	0	2	2	0	4	0	0	0	0	0	1	0	3	3	1	0	0	0	3	6	4	4	4	0	1	1	10	2	1	0	1	0	14	4	51	10	3	16	11	7	31	13	0	13	17	408
Vierzon	17	2	236	Vierzon172	intra.sup	0	0	0	0	0	0	0	0	0	0	0	0	0	0	0	0	0	0	0	0	0	0	0	0	0	0	0	0	0	0	0	0	0	0	0	0	0	0	0	0	0	0	0	1	0	0	0	1	0	0	0	0	0	0	0	0	0	0	0	0	0	0	0	0	0	0	0	0	0	0	1	0	0	0	0	0	0	0	1	0	0	0	0	0	0	0	0	0	0	0	0	0	0	0	0	0	0	0	0	0	0	0	0	1	0	0	0	0	0	0	0	0	0	0	1	0	0	0	1	1	0	0	0	0	0	1	0	0	0	0	0	0	0	0	2	0	0	0	0	0	0	0	0	0	1	1	0	0	0	1	0	0	0	0	0	0	0	1	0	0	0	0	0	0	1	2	2	0	0	0	0	0	0	1	0	0	0	1	1	1	1	0	0	0	2	0	0	5	1	1	0	0	0	0	0	1	0	0	1	1	0	0	3	7	5	1	1	2	6	0	2	2	3	0	0	0	2	0	2	4	4	6	4	1	8	7	0	2	0	4	5	14	6	4	7	5	3	11	8	15	6	13	310
Vierzon	17	3	236	Vierzon173	intra.inf	0	0	0	0	0	0	0	0	0	0	0	0	0	0	0	0	0	0	0	0	0	0	0	0	0	0	0	0	2	0	0	0	0	0	0	0	1	0	0	0	0	0	0	0	0	0	0	0	0	0	1	0	0	0	0	0	0	0	0	0	1	0	0	0	0	0	0	0	0	0	0	0	0	0	0	0	0	0	2	0	0	0	0	0	0	0	0	0	1	0	0	1	0	1	0	0	0	0	0	0	0	0	0	0	0	0	0	0	0	0	3	0	0	1	0	0	0	0	3	0	0	0	0	0	0	0	0	0	1	0	0	0	0	0	0	0	0	1	0	0	4	0	0	0	0	0	0	1	0	0	0	0	0	0	1	0	0	0	0	2	1	0	0	1	3	0	1	0	0	2	2	0	1	3	0	0	2	1	1	1	1	2	0	0	0	0	1	1	0	0	8	0	1	0	0	3	0	0	0	0	5	1	1	6	5	5	4	11	1	0	0	1	0	3	13	0	8	7	0	0	1	5	3	5	6	2	2	4	5	1	1	10	6	0	0	0	9	7	1	24	3	31	254
Vierzon	17	4	236	Vierzon174	infra	0	0	0	0	0	0	0	0	0	0	0	0	0	0	0	1	0	0	0	0	0	0	1	0	0	0	0	0	0	0	0	0	0	0	0	0	0	0	0	0	0	0	0	0	0	0	0	0	0	0	0	0	1	0	0	0	0	0	0	0	0	0	0	0	0	0	2	0	0	0	0	0	0	0	0	0	0	0	0	0	0	0	0	0	0	0	0	0	0	0	0	1	0	0	0	0	0	0	0	0	1	0	0	1	0	0	0	0	0	3	1	0	0	1	1	0	0	0	1	0	0	0	0	1	0	0	0	0	1	0	0	0	0	0	0	0	0	0	0	0	3	0	0	0	0	0	0	0	0	0	0	0	0	0	0	0	0	1	0	0	0	0	0	1	1	1	0	3	0	0	1	1	0	0	0	0	1	0	3	0	1	3	0	1	0	0	0	0	0	0	13	0	1	0	0	0	0	0	0	0	0	0	3	1	2	12	5	1	0	0	1	0	1	0	4	4	0	1	0	0	0	2	1	1	10	0	0	0	4	1	0	0	4	2	0	4	0	3	1	21	1	11	205
Vierzon	18	1	249	Vierzon181	supra	0	0	0	0	0	0	0	0	0	0	0	0	0	1	0	0	0	0	0	0	0	0	0	0	0	0	0	0	0	0	0	0	0	0	0	0	0	0	0	0	0	0	0	0	0	0	0	0	0	0	0	0	0	0	0	0	0	0	0	0	0	0	0	0	0	0	0	0	0	0	0	0	0	0	0	0	0	0	0	0	0	0	0	0	0	0	0	0	0	0	0	0	0	0	0	0	0	0	0	0	0	0	0	0	1	0	0	0	0	0	0	0	0	0	0	0	0	0	1	0	0	0	0	0	0	0	0	0	0	0	1	0	0	0	0	0	1	0	0	0	0	2	0	0	0	0	0	0	0	0	0	1	0	0	0	0	0	0	1	0	0	0	0	0	0	0	0	0	0	0	0	0	0	0	0	0	0	0	0	0	0	0	0	0	1	0	0	1	0	0	0	0	0	0	0	3	0	0	0	0	0	0	0	0	0	0	1	0	0	0	1	5	0	2	0	5	1	1	0	2	0	8	0	10	1	0	2	1	0	15	7	2	7	0	2	8	3	10	8	0	16	25	10
Vierzon	18	2	249	Vierzon182	intra.sup	0	1	0	0	0	0	1	0	0	0	0	0	0	0	0	0	0	0	0	0	0	0	0	0	0	1	0	0	0	0	0	0	0	0	0	0	0	1	0	1	0	0	0	0	0	0	0	0	0	0	0	0	0	0	1	0	0	0	0	0	1	0	0	0	0	0	0	0	0	0	0	0	0	0	0	0	0	0	0	0	0	0	0	0	0	0	0	1	0	0	2	0	1	0	0	0	0	1	0	0	1	0	0	0	0	0	0	0	0	0	0	0	0	0	0	0	0	0	0	0	1	0	0	0	0	7	0	0	0	0	0	0	0	0	0	0	0	0	0	0	0	1	0	0	0	0	0	1	0	2	1	0	0	0	1	0	0	0	0	0	3	1	0	1	0	1	1	0	1	0	2	1	0	1	4	0	0	2	1	0	0	0	0	0	0	1	0	2	1	1	0	0	0	5	3	2	5	0	4	1	1	5	2	2	1	0	1	3	15	3	8	2	22	4	0	1	3	25	19	5	5	2	2	18	2	1	8	4	0	22	7	20	8	9	5	14	20	9	20	3	37	6	0
Vierzon	18	3	249	Vierzon183	intra.inf	0	0	0	0	0	0	0	0	0	0	0	0	0	0	0	0	0	0	0	0	0	0	0	0	0	0	0	0	0	0	0	0	0	0	0	0	0	0	0	0	0	0	0	0	0	0	0	0	0	0	0	0	0	0	0	0	0	0	0	0	0	0	0	0	0	0	0	0	0	0	1	0	0	0	0	0	0	0	0	0	0	0	0	0	0	0	0	0	0	0	0	1	0	0	0	0	0	0	0	0	0	0	0	0	0	0	0	0	0	0	0	0	0	0	0	0	0	0	0	0	0	0	0	0	0	1	0	0	3	0	0	0	0	0	0	0	0	0	0	0	0	0	0	0	0	0	0	0	0	0	0	0	0	0	0	0	0	0	0	0	1	0	0	0	1	0	0	0	1	0	0	0	0	2	0	0	0	0	0	0	0	0	0	1	0	2	1	2	0	1	0	0	1	0	0	2	4	0	0	0	1	0	2	5	1	0	0	0	6	0	1	1	3	0	0	0	4	9	3	0	0	1	0	0	1	1	0	5	0	4	0	6	3	0	2	6	4	2	8	9	0	5	2
Vierzon	18	4	249	Vierzon184	infra	0	0	0	0	0	0	0	0	0	0	0	0	0	0	0	0	0	0	0	0	0	0	0	0	1	0	0	0	0	1	0	0	0	0	0	0	0	0	0	0	0	0	0	0	0	0	0	0	0	0	0	0	0	1	0	0	0	0	0	0	0	0	0	0	0	0	0	0	0	0	0	0	0	0	0	1	0	0	0	0	0	0	0	0	0	0	0	0	0	0	0	0	0	0	0	0	0	0	0	1	0	0	3	1	0	0	0	0	0	0	1	0	0	0	0	0	0	0	0	0	0	1	0	0	0	0	0	2	0	0	2	0	0	0	0	0	0	0	0	0	0	0	0	0	0	0	0	1	0	0	0	0	0	0	0	0	2	0	0	0	0	1	0	4	1	0	5	0	0	2	0	1	0	1	0	0	0	1	1	0	1	2	0	3	0	0	3	1	0	0	7	0	11	2	0	0	1	1	0	2	0	0	1	6	3	0	1	5	1	0	3	0	1	0	0	0	2	2	2	1	0	3	0	2	6	0	1	15	2	6	4	6	5	0	0	8	11	6	2	26	6	16	6
Vierzon	19	1	270	Vierzon191	supra	0	0	0	0	0	0	0	0	0	0	0	0	0	0	0	0	0	0	1	1	0	0	0	0	0	0	0	0	0	0	0	0	0	0	0	0	0	0	0	0	0	0	0	0	1	0	0	0	0	0	0	0	0	0	0	1	0	0	1	0	0	0	0	1	0	0	0	0	0	0	0	0	0	0	0	0	0	0	0	0	0	0	0	0	1	0	0	1	0	0	1	0	2	0	0	0	0	0	0	0	0	0	0	0	0	0	0	0	1	0	0	0	0	0	0	1	0	2	0	0	1	0	0	0	0	0	0	1	0	1	0	1	0	0	0	0	3	2	0	0	0	0	0	0	0	0	0	1	0	2	2	0	0	0	0	1	0	0	0	0	0	0	0	0	0	0	0	0	0	0	0	0	1	0	0	0	0	0	0	0	0	0	1	0	0	0	0	1	1	0	0	0	1	2	0	5	2	2	3	0	0	1	0	0	0	0	1	0	0	4	5	1	1	6	0	1	8	11	5	3	0	6	1	5	0	9	3	2	0	25	12	32	8	5	71	16	18	11	19	1	18	8	2
Vierzon	19	2	270	Vierzon192	intra.sup	0	0	0	0	0	0	0	0	0	0	0	0	0	0	0	0	0	0	0	0	0	0	0	0	0	0	0	0	0	0	0	0	0	0	0	0	0	0	0	0	0	0	0	0	0	1	0	0	0	0	0	0	0	0	0	0	0	0	0	0	0	1	0	0	0	0	0	0	0	0	0	0	0	0	1	0	0	0	0	0	0	0	0	0	0	0	0	0	0	0	0	0	0	0	1	0	0	0	0	0	0	0	0	1	0	0	0	0	0	0	0	0	0	0	0	0	0	0	0	0	0	0	0	0	0	1	0	0	0	0	0	0	0	0	1	0	0	0	0	0	0	0	0	0	1	3	0	0	0	0	1	0	1	0	0	0	0	0	0	0	0	0	0	1	0	0	0	0	1	0	0	0	4	0	0	0	0	1	0	0	1	0	0	0	1	0	2	0	0	0	0	0	0	0	2	1	1	0	1	1	0	0	1	3	0	0	1	1	4	0	3	2	1	0	0	0	3	9	2	1	2	1	0	2	1	0	3	0	0	0	2	8	12	3	24	4	4	1	10	8	11	10	3
Vierzon	19	3	270	Vierzon193	intra.inf	1	0	0	0	0	0	0	0	0	0	0	0	0	0	0	0	0	0	0	0	0	0	0	0	0	0	0	0	0	0	0	0	0	0	0	0	0	0	0	0	0	0	0	0	0	0	0	0	0	0	0	0	0	0	0	0	0	0	0	0	0	0	0	0	0	0	0	0	0	0	0	0	0	0	0	0	0	0	0	0	0	0	0	0	0	0	0	0	0	0	0	0	0	0	0	0	0	0	0	0	0	0	0	0	0	0	0	0	2	0	0	0	0	0	0	0	0	0	0	0	0	0	0	0	0	0	0	1	1	0	0	0	0	0	0	0	0	0	0	0	0	0	0	0	0	0	0	0	0	0	1	0	0	0	0	0	0	0	0	0	0	0	0	0	0	0	0	0	0	2	0	0	0	0	0	0	2	0	5	0	1	0	0	0	0	0	9	0	0	0	0	1	0	1	0	1	0	0	0	2	0	0	1	3	0	0	1	7	3	0	1	0	0	0	1	0	9	0	0	0	1	1	0	0	1	1	0	1	0	0	0	0	2	0	2	1	7	2	3	23	0	10	3
Vierzon	19	4	270	Vierzon194	infra	0	0	0	0	0	0	0	0	0	0	0	0	1	0	0	1	0	0	1	0	0	0	0	0	0	0	0	0	0	1	0	0	0	0	0	0	0	0	0	0	0	0	0	0	0	0	0	0	0	0	0	0	0	0	0	0	0	1	0	0	0	0	0	0	0	1	0	0	0	0	0	0	1	0	0	0	0	0	0	0	0	0	0	0	0	0	0	0	0	0	0	0	0	0	0	0	0	0	0	0	0	1	0	0	0	0	0	0	4	0	0	0	0	1	0	0	0	0	0	0	0	1	0	0	0	0	0	0	0	0	0	0	0	0	0	0	0	0	0	0	2	0	0	0	0	0	0	0	0	0	0	0	0	0	0	0	2	0	0	0	0	0	0	1	0	0	2	0	0	2	0	0	0	0	0	0	0	0	1	0	0	1	0	0	0	0	3	0	1	0	0	1	0	1	0	0	0	0	0	2	1	0	1	1	0	0	0	1	0	1	0	0	0	0	3	1	1	1	0	0	0	1	0	0	0	1	0	4	0	0	0	0	6	2	0	5	5	4	4	29	0	2	6
Vierzon	20	1	290	Vierzon201	supra	0	0	0	0	0	0	0	0	0	0	0	0	0	0	0	0	0	0	0	0	0	0	0	0	0	0	0	0	0	0	0	0	0	0	0	1	0	0	0	1	0	0	0	0	0	0	0	0	0	0	0	0	0	0	0	0	0	0	0	0	0	1	0	0	0	0	0	0	0	0	0	0	0	0	0	1	0	0	0	0	0	0	0	1	0	0	0	0	0	0	1	0	0	0	0	1	0	0	0	0	0	0	0	0	0	0	0	1	0	0	0	0	0	0	0	0	0	0	0	0	0	0	0	0	0	1	0	0	0	0	0	1	0	0	0	0	2	1	0	0	0	0	0	0	0	0	0	0	0	2	0	2	0	0	0	0	0	0	0	0	3	1	0	1	0	0	1	0	0	0	0	0	0	0	2	0	0	0	0	0	1	0	0	0	0	0	0	0	0	0	0	0	0	0	0	6	1	0	3	1	0	5	0	0	0	0	0	0	0	1	2	6	0	4	0	1	4	11	3	3	1	0	1	5	1	0	4	2	1	12	3	1	8	12	3	4	5	11	5	1	25	7	1
Vierzon	20	2	290	Vierzon202	intra.sup	0	0	1	0	0	0	0	0	0	0	0	0	0	0	0	0	0	0	0	0	0	0	0	0	0	0	0	0	0	0	0	0	0	0	0	1	0	0	0	0	0	0	0	0	0	0	0	0	1	0	0	1	0	0	0	0	0	0	0	0	0	0	0	0	0	0	0	0	0	0	0	0	0	0	1	0	0	0	0	0	0	0	0	0	0	0	0	0	0	0	0	0	0	0	1	0	0	0	0	0	0	0	0	0	0	0	0	0	0	0	0	0	0	0	0	1	0	0	0	0	0	0	0	0	0	0	0	0	0	1	1	0	0	0	0	0	0	0	0	0	0	0	0	0	0	0	0	0	0	0	0	0	0	0	0	0	1	0	0	1	0	1	0	2	1	0	2	0	0	0	0	2	1	0	1	0	0	0	0	0	1	0	0	0	1	1	0	0	4	0	0	1	0	0	2	3	4	3	5	1	1	0	3	1	2	1	0	2	0	2	0	3	2	3	0	2	3	1	3	5	4	2	4	19	0	4	4	5	0	6	2	1	9	26	0	17	3	2	4	2	27	6	1
Vierzon	20	3	290	Vierzon203	intra.inf	0	0	0	0	0	0	0	0	0	0	0	0	0	0	0	0	0	0	0	0	0	0	0	0	0	0	0	0	0	0	0	0	0	0	0	2	0	0	0	0	0	0	0	0	0	0	0	0	0	0	0	0	0	0	0	0	0	0	0	0	0	0	0	0	0	0	0	0	0	0	0	0	0	0	0	0	0	0	1	0	0	0	1	0	1	0	0	0	0	0	0	0	0	0	0	0	0	0	0	0	0	0	0	0	0	0	0	0	0	0	0	0	0	0	0	1	0	0	0	0	0	0	0	1	0	1	0	0	2	1	0	0	0	0	0	0	0	0	0	0	0	0	0	0	0	0	0	0	0	0	0	0	0	0	0	0	0	1	0	1	0	2	0	1	0	0	1	0	1	0	0	0	0	0	0	0	0	0	3	1	1	0	0	2	1	1	1	0	2	1	0	2	1	0	0	2	1	0	0	3	0	0	1	0	0	1	1	0	1	1	0	0	1	2	0	0	5	0	3	2	2	0	1	3	0	1	1	3	0	2	1	0	6	8	0	3	6	1	6	11	4	17	0
Vierzon	20	4	290	Vierzon204	infra	0	0	0	0	0	0	0	0	0	0	0	0	0	0	0	0	0	0	0	0	0	0	0	3	0	0	0	0	0	0	0	0	0	0	0	0	0	0	0	0	0	0	0	0	0	0	0	0	0	0	0	1	0	0	0	0	0	0	0	0	0	0	0	0	0	0	0	0	0	0	0	0	0	0	0	0	0	0	0	0	0	0	0	0	1	0	0	0	0	1	0	0	0	0	0	1	0	0	0	0	1	0	0	0	0	0	0	0	0	0	0	0	0	0	0	0	0	0	1	0	0	0	0	0	0	0	0	0	0	0	0	0	1	0	0	0	0	0	0	1	0	0	0	0	0	0	0	0	0	0	1	1	0	0	1	0	0	1	0	0	1	0	0	0	0	0	1	0	0	0	0	0	0	0	0	0	0	0	0	0	0	0	1	3	0	1	0	0	1	0	0	0	0	0	0	1	1	1	0	2	1	0	5	0	0	0	0	4	0	0	0	0	1	0	0	3	0	6	0	1	1	0	0	3	2	0	0	11	1	2	0	0	7	9	0	6	1	2	1	10	2	15	0
