id.trap	massif	num.releve	num.tree2	num.trap	Parcelle	strate	id.trap.releve	ab.colsx	sr.colsx	ab.colsxrar	sr.colsxrar	ab.colsxcom	sr.colsxcom	ab.cav	sr.cav	ab.fon	sr.fon	ab.fonspe	sr.fonspe	ab.suc	sr.suc	ab.lig	sr.lig	ab.flo	sr.flo	ab.pho	sr.pho	ab.myc	sr.myc	ab.xyl	sr.xyl	ab.sxy	sr.sxy	ab.zoo	sr.zoo	ab.cavspe	sr.cavspe	CWM_diam	CWM_canop	CWM_decay	CWM_size	FD_diam	FD_canop	FD_decay	FD_size	id.trap.releve
Troncais101	Troncais	R2	10	1	413	supra	Troncais101R2	55	19	2	1	50	16	23	4	13	8	6	2	0	0	48	16	35	8	1	1	10	5	15	8	21	2	8	3	0	0	1.994545455	1.469090909	3.006363636	3.629090909	0.489617142	0.389782386	1.050714468	0.256220537	Troncais101R2
Troncais101	Troncais	R3	10	1	413	supra	Troncais101R3	55	19	3	3	48	13	5	4	29	7	1	1	0	0	54	18	9	3	1	1	27	5	14	7	4	3	9	3	0	0	2.356727273	1.489090909	2.768181818	4.214545455	0.426086087	0.297617093	0.68904242	0.466571084	Troncais101R3
Troncais102	Troncais	R2	10	2	413	intra.sup	Troncais102R2	77	29	29	5	39	20	16	7	24	11	4	2	0	0	69	25	52	14	4	2	12	5	9	6	19	9	33	7	1	1	2.058181818	1.514935065	3.021038961	4.694805195	0.462485461	0.324100246	0.77368515	0.408364867	Troncais102R2
Troncais102	Troncais	R3	10	2	413	intra.sup	Troncais102R3	71	37	8	4	56	28	13	9	35	13	8	2	0	0	60	33	11	8	4	3	22	8	15	9	21	10	9	7	1	1	2.038873239	1.474647887	2.466478873	5.64084507	0.811258696	0.587151356	0.758111901	0.65249868	Troncais102R3
Troncais103	Troncais	R2	10	3	413	intra.inf	Troncais103R2	93	28	15	2	54	23	35	9	56	13	4	2	0	0	80	24	36	10	9	2	40	7	6	4	20	10	18	5	1	1	2.193978495	1.740537634	3.072365591	3.412903226	0.43602424	0.743686971	0.678326369	0.222728458	Troncais103R2
Troncais103	Troncais	R3	10	3	413	intra.inf	Troncais103R3	72	35	2	2	45	30	14	9	42	13	7	4	2	1	61	28	11	8	6	4	36	10	4	4	13	10	14	8	4	3	2.294722222	1.719722222	3.088888889	5.288888889	0.770354001	0.698497678	0.588070285	0.686052511	Troncais103R3
Troncais104	Troncais	R2	10	4	413	infra	Troncais104R2	66	34	2	1	48	28	25	11	32	11	2	2	1	1	56	29	23	13	8	3	22	8	11	6	14	10	10	6	2	2	2.279393939	1.752878788	2.96030303	4.603030303	0.668099497	0.742453751	0.744651699	0.423104292	Troncais104R2
Troncais104	Troncais	R3	10	4	413	infra	Troncais104R3	53	21	1	1	39	17	9	5	34	13	3	2	0	0	48	18	3	2	2	1	25	8	16	6	4	4	6	2	0	0	2.277169811	1.720377358	2.619811321	3.862264151	0.599270927	0.717098642	0.672511755	0.452259574	Troncais104R3
Troncais11	Troncais	R2	1	1	19	supra	Troncais11R2	51	26	5	3	44	22	17	5	17	9	2	2	0	0	45	23	24	8	4	1	10	6	7	5	20	7	10	7	0	0	1.931176471	1.494117647	3.048431373	4.858823529	0.688676595	0.252342059	0.730827253	0.408944514	Troncais11R2
Troncais11	Troncais	R3	1	1	19	supra	Troncais11R3	54	27	4	4	41	20	5	5	29	13	8	4	0	0	45	22	11	7	1	1	24	9	7	5	8	6	14	6	0	0	2.16	1.45	2.60462963	5.909259259	0.766318682	0.569180837	0.821841749	0.774317503	Troncais11R3
Troncais11	Troncais	R4	1	1	19	supra	Troncais11R4	48	18	5	3	27	13	3	2	8	4	0	0	0	0	48	18	11	3	0	0	6	2	23	7	6	6	13	3	0	0	2.201875	1.436458333	2.473958333	5.95	0.601790091	0.242223981	0.721626852	0.63502752	Troncais11R4
Troncais11	Troncais	R5	1	1	19	supra	Troncais11R5	61	23	2	2	48	17	24	5	43	10	0	0	1	1	61	23	3	2	1	1	32	7	20	8	4	3	4	4	0	0	2.137377049	1.879016393	2.471803279	4.362295082	0.381211209	1.180203121	0.489476625	0.413621162	Troncais11R5
Troncais12	Troncais	R2	1	2	19	intra.sup	Troncais12R2	141	37	33	4	87	29	17	11	43	12	2	1	12	3	134	33	54	14	5	3	27	6	36	9	19	10	42	6	2	2	2.094964539	1.576241135	2.717801418	5.388652482	0.356891207	0.579343368	0.880432746	0.549573232	Troncais12R2
Troncais12	Troncais	R3	1	2	19	intra.sup	Troncais12R3	97	37	8	5	78	30	24	8	39	14	5	4	0	0	89	30	20	8	4	4	25	10	17	9	30	8	23	8	2	2	2.263092784	1.430927835	2.645463918	8.053608247	0.912610603	0.488709117	0.809721802	0.947073446	Troncais12R3
Troncais12	Troncais	R4	1	2	19	intra.sup	Troncais12R4	92	32	6	3	55	26	8	5	19	9	6	3	0	0	85	28	8	5	2	2	14	5	44	11	17	9	16	6	1	1	2.199021739	1.417391304	2.300978261	6.252173913	0.734484423	0.471789856	0.583309566	0.764799268	Troncais12R4
Troncais12	Troncais	R5	1	2	19	intra.sup	Troncais12R5	86	29	3	2	73	25	23	6	40	9	1	1	1	1	85	28	8	4	0	0	20	4	44	11	14	8	6	4	0	0	2.348837209	1.598255814	2.388255814	7.297674419	0.518028856	0.916648913	0.589428248	0.912408662	Troncais12R5
Troncais13	Troncais	R2	1	3	19	intra.inf	Troncais13R2	85	31	9	2	55	26	30	10	42	11	5	4	1	1	77	24	35	14	3	3	26	9	10	6	25	7	21	6	2	2	2.375764706	1.644588235	3.193294118	4.488235294	0.629125791	0.515481231	0.83205573	0.443383609	Troncais13R2
Troncais13	Troncais	R3	1	3	19	intra.inf	Troncais13R3	85	26	11	3	54	21	6	5	44	11	3	2	1	1	76	22	3	2	7	3	25	6	33	8	5	4	21	7	5	1	2.235764706	1.606588235	2.384117647	4.402352941	0.808547727	0.612481072	0.644541933	0.529801745	Troncais13R3
Troncais13	Troncais	R4	1	3	19	intra.inf	Troncais13R4	70	21	9	2	39	16	2	2	33	6	7	1	0	0	63	20	0	0	0	0	20	4	41	10	6	5	3	2	0	0	2.256428571	1.558	2.438428571	3.875714286	0.686129146	0.705297649	0.712237951	0.391497761	Troncais13R4
Troncais13	Troncais	R5	1	3	19	intra.inf	Troncais13R5	51	22	2	2	46	18	10	5	34	10	6	2	2	2	45	20	6	3	0	0	11	5	23	5	11	7	4	3	0	0	2.258431373	1.560196078	2.525686275	5.435294118	0.559710173	0.439253831	0.756461638	0.76947385	Troncais13R5
Troncais14	Troncais	R2	1	4	19	infra	Troncais14R2	43	23	7	2	22	18	6	4	24	11	2	2	1	1	38	19	15	7	3	2	16	5	4	4	8	7	11	4	1	1	2.102790698	1.647674419	2.884651163	3.272093023	0.448759711	0.556540346	0.615213087	0.23299595	Troncais14R2
Troncais14	Troncais	R3	1	4	19	infra	Troncais14R3	62	16	3	2	46	12	3	3	47	7	1	1	0	0	58	13	3	2	3	2	15	4	34	4	4	2	9	6	2	1	2.098870968	1.635483871	2.328225806	3.224193548	0.620177894	0.548497682	0.523766358	0.346703485	Troncais14R3
Troncais14	Troncais	R4	1	4	19	infra	Troncais14R4	125	20	3	2	111	15	0	0	94	9	4	2	0	0	121	18	3	1	0	0	12	5	96	10	12	4	5	1	0	0	1.982	1.53032	2.1204	2.9184	0.49921478	0.260451873	0.281616704	0.250780193	Troncais14R4
Troncais14	Troncais	R5	1	4	19	infra	Troncais14R5	32	16	0	0	27	12	2	2	22	8	3	2	1	1	29	14	0	0	0	0	8	6	20	7	0	0	4	3	0	0	2.0503125	1.588125	2.25	3.11875	0.468523584	0.42220081	0.474061436	0.253035482	Troncais14R5
Troncais21	Troncais	R1	2	1	43	supra	Troncais21R1	41	20	6	2	31	16	7	4	10	7	2	1	0	0	38	18	23	9	1	1	4	2	13	6	12	8	11	3	0	0	1.97804878	1.530487805	2.780487805	5.217073171	0.400426773	0.583799144	0.935285706	0.489749761	Troncais21R1
Troncais21	Troncais	R2	2	1	43	supra	Troncais21R2	109	37	15	3	86	31	24	7	40	12	11	3	3	2	82	32	47	12	16	2	24	9	27	13	13	6	27	6	3	1	2.202293578	1.451100917	2.620642202	5.830275229	0.734349718	0.359083362	0.936746738	0.625421638	Troncais21R2
Troncais21	Troncais	R3	2	1	43	supra	Troncais21R3	83	24	2	1	76	22	3	3	46	10	12	3	0	0	69	19	5	5	3	3	41	6	23	9	2	2	14	4	1	1	2.223855422	1.404819277	2.289156627	4.210843373	0.650641657	0.393496543	0.725269268	0.457485566	Troncais21R3
Troncais22	Troncais	R1	2	2	43	intra.sup	Troncais22R1	44	13	13	1	28	10	16	4	13	4	1	1	0	0	33	11	33	7	10	1	2	2	8	3	9	5	15	2	0	0	2.214090909	1.477272727	3.145454545	4.625	0.479735	0.252514502	0.738689582	0.313917798	Troncais22R1
Troncais22	Troncais	R3	2	2	43	intra.sup	Troncais22R3	47	25	1	1	38	22	5	5	29	10	6	3	0	0	39	20	8	5	2	2	22	6	9	7	7	4	6	5	1	1	2.111914894	1.469148936	2.549361702	4.280851064	0.654241593	0.375346138	0.605875667	0.42221534	Troncais22R3
Troncais23	Troncais	R1	2	3	43	intra.inf	Troncais23R1	30	18	6	1	23	16	12	7	14	9	1	1	1	1	22	15	16	6	7	2	3	3	5	3	5	5	10	5	0	0	2.420333333	1.553333333	3.108666667	4.07	0.712140422	0.472196008	0.71240857	0.263760926	Troncais23R1
Troncais23	Troncais	R2	2	3	43	intra.inf	Troncais23R2	54	24	1	1	43	19	9	5	19	8	1	1	1	1	53	23	3	3	0	0	15	6	30	10	8	7	1	1	0	0	1.894259259	1.637407407	2.353333333	3.566666667	0.63378438	0.605831502	0.676767765	0.30683626	Troncais23R2
Troncais23	Troncais	R3	2	3	43	intra.inf	Troncais23R3	92	25	4	3	61	20	16	9	42	9	3	2	0	0	85	21	6	5	3	1	36	6	39	7	7	5	9	6	1	1	1.940434783	1.733804348	2.475978261	3.411956522	0.711250775	0.709743503	0.716684824	0.274324549	Troncais23R3
Troncais24	Troncais	R1	2	4	43	infra	Troncais24R1	33	20	0	0	29	18	11	8	18	12	3	2	2	2	25	16	12	8	6	3	9	6	9	3	2	2	8	7	1	1	2.397272727	1.614242424	2.772121212	4.239393939	0.434940151	0.534164011	0.815082688	0.43631403	Troncais24R1
Troncais24	Troncais	R2	2	4	43	infra	Troncais24R2	25	17	0	0	20	14	3	3	16	11	3	2	0	0	21	14	2	2	1	1	10	7	9	4	4	4	1	1	1	1	2.212	1.592	2.3756	3.444	0.433817237	0.436786685	0.765323569	0.376805232	Troncais24R2
Troncais24	Troncais	R3	2	4	43	infra	Troncais24R3	52	25	2	2	36	19	12	8	32	12	2	2	0	0	49	22	2	2	1	1	24	10	17	6	9	7	2	2	1	1	2.273269231	1.699615385	2.599038462	2.946153846	0.655420919	0.603960722	0.766397451	0.250048491	Troncais24R3
Troncais24	Troncais	R4	2	4	43	infra	Troncais24R4	2	2	0	0	2	2	1	1	1	1	0	0	0	0	2	2	0	0	0	0	0	0	1	1	0	0	1	1	0	0	3.045	1.5	3	3.25	0.958368487	3.05311E-16	1.213597276	0.128288388	Troncais24R4
Troncais31	Troncais	R1	3	1	118	supra	Troncais31R1	49	24	3	2	39	20	11	4	26	9	2	2	0	0	43	21	20	10	4	1	18	5	10	8	10	6	7	4	0	0	2.172244898	1.498979592	2.908163265	4.640816327	0.534940226	0.275780936	0.726338728	0.472289346	Troncais31R1
Troncais31	Troncais	R2	3	1	118	supra	Troncais31R2	66	25	7	2	52	21	14	4	25	8	2	1	0	0	58	23	31	9	6	1	17	5	22	9	10	5	11	5	0	0	2.15030303	1.460606061	2.713636364	5.306060606	0.570805038	0.352909157	0.863392552	0.604396557	Troncais31R2
Troncais31	Troncais	R3	3	1	118	supra	Troncais31R3	105	19	1	1	91	14	2	2	56	9	8	1	0	0	97	18	5	3	1	1	52	6	45	7	1	1	7	5	0	0	2.358857143	1.461428571	2.373809524	3.073333333	0.322435278	0.341585332	0.689081084	0.184040214	Troncais31R3
Troncais31	Troncais	R4	3	1	118	supra	Troncais31R4	49	17	3	2	24	12	2	2	14	4	2	1	0	0	45	15	3	2	2	1	13	3	26	7	2	1	5	4	2	1	2.297755102	1.473469388	2.253061224	3.773469388	0.537604777	0.291908477	0.500198194	0.392826417	Troncais31R4
Troncais31	Troncais	R5	3	1	118	supra	Troncais31R5	25	11	0	0	20	8	10	1	17	6	1	1	0	0	24	10	0	0	0	0	15	5	8	5	2	1	0	0	0	0	2.0872	2.024	2.41	3	0.407252024	1.20735894	0.422331852	0.136840947	Troncais31R5
Troncais32	Troncais	R1	3	2	118	intra.sup	Troncais32R1	51	18	11	1	36	15	9	3	17	8	2	2	0	0	44	15	27	7	5	1	9	5	13	5	7	4	17	3	0	0	1.991764706	1.448039216	2.847058824	4.764705882	0.572633169	0.381211436	0.815503775	0.380810836	Troncais32R1
Troncais32	Troncais	R2	3	2	118	intra.sup	Troncais32R2	86	39	7	3	67	33	17	10	28	10	8	3	1	1	77	35	24	14	1	1	21	6	21	11	24	11	18	9	0	0	2.043255814	1.488372093	2.505232558	6.562790698	0.68189947	0.546854554	0.814324429	0.807483702	Troncais32R2
Troncais32	Troncais	R3	3	2	118	intra.sup	Troncais32R3	145	41	20	10	108	27	5	5	53	11	11	4	3	2	133	36	5	4	2	2	47	8	40	13	14	7	43	12	1	1	2.11737931	1.404137931	2.306	5.420689655	0.756433634	0.464758773	0.585539762	0.638921935	Troncais32R3
Troncais32	Troncais	R4	3	2	118	intra.sup	Troncais32R4	143	28	15	5	54	21	3	3	3	2	0	0	1	1	143	28	10	4	0	0	1	1	93	9	22	11	25	5	0	0	2.401048951	1.427972028	2.241888112	5.553146853	0.45855703	0.268701822	0.47456882	0.708260142	Troncais32R4
Troncais32	Troncais	R5	3	2	118	intra.sup	Troncais32R5	44	20	5	4	31	13	20	5	19	5	1	1	1	1	43	19	2	1	0	0	19	5	10	5	9	5	5	4	0	0	2.270681818	1.842045455	2.503181818	5.559090909	0.418797745	1.285448825	0.519314322	0.585850305	Troncais32R5
Troncais33	Troncais	R1	3	3	118	intra.inf	Troncais33R1	49	24	8	3	30	17	11	4	29	12	1	1	0	0	44	22	28	12	4	1	15	6	4	4	11	7	15	6	0	0	2.234693878	1.576530612	3.026530612	4.040816327	0.516140343	0.41276423	0.56899061	0.3350067	Troncais33R1
Troncais33	Troncais	R2	3	3	118	intra.inf	Troncais33R2	34	14	0	0	17	11	11	5	24	6	0	0	0	0	32	12	5	3	2	2	21	3	2	2	7	5	2	2	1	1	2.177647059	1.860294118	2.832058824	4.302941176	0.347866744	0.82799738	0.514645032	0.473675649	Troncais33R2
Troncais33	Troncais	R3	3	3	118	intra.inf	Troncais33R3	31	14	8	3	12	9	1	1	15	6	1	1	0	0	24	12	0	0	6	1	15	6	5	4	1	1	10	3	6	1	2.379354839	1.672580645	2.394193548	3.180645161	0.978452413	0.698087959	0.554819799	0.367234966	Troncais33R3
Troncais33	Troncais	R4	3	3	118	intra.inf	Troncais33R4	64	27	10	4	31	20	7	6	13	6	1	1	0	0	62	25	5	4	0	0	11	4	23	5	22	11	7	6	1	1	2.3584375	1.5171875	2.50453125	5.609375	0.749692278	0.494781346	0.689866053	0.76455202	Troncais33R4
Troncais33	Troncais	R5	3	3	118	intra.inf	Troncais33R5	23	9	0	0	9	7	3	2	20	7	0	0	0	0	23	9	0	0	1	1	16	3	1	1	4	3	2	2	0	0	2.047826087	1.795652174	2.554347826	2.773913043	0.35465357	0.553566764	0.270707899	0.232875355	Troncais33R5
Troncais34	Troncais	R1	3	4	118	infra	Troncais34R1	18	12	1	1	11	8	6	4	11	6	0	0	0	0	17	11	9	7	1	1	8	4	2	2	6	4	1	1	0	0	2.202777778	1.666666667	3.1	3.511111111	0.482671072	0.492991276	0.606798638	0.323941378	Troncais34R1
Troncais34	Troncais	R2	3	4	118	infra	Troncais34R2	34	16	1	1	17	12	10	5	27	9	3	3	0	0	29	12	5	4	2	1	21	7	2	2	8	5	1	1	0	0	2.227058824	1.702941176	2.855294118	3.367647059	0.497906238	0.576143815	0.771033204	0.315497694	Troncais34R2
Troncais34	Troncais	R3	3	4	118	infra	Troncais34R3	34	17	2	2	24	13	5	2	14	5	1	1	0	0	31	14	1	1	2	2	13	4	7	4	9	4	5	5	1	1	2.118235294	1.767647059	2.667647059	4.185294118	0.510116713	0.79554742	0.527221931	0.386995905	Troncais34R3
Troncais34	Troncais	R4	3	4	118	infra	Troncais34R4	26	15	0	0	16	12	3	3	10	3	0	0	0	0	26	15	2	2	0	0	11	4	7	4	6	5	2	2	0	0	2.052692308	1.72	2.611153846	4.196153846	0.551008364	0.681362209	0.610496878	0.581776453	Troncais34R4
Troncais34	Troncais	R5	3	4	118	infra	Troncais34R5	5	5	0	0	3	3	0	0	4	4	0	0	0	0	5	5	0	0	0	0	3	3	1	1	0	0	1	1	0	0	2.358	1.63	2.7	3.76	0.398071997	0.474347242	0.776702257	0.563784702	Troncais34R5
Troncais41	Troncais	R1	4	1	207	supra	Troncais41R1	29	9	6	1	21	6	16	2	6	6	1	1	1	1	28	8	24	4	0	0	3	3	1	1	16	2	8	2	0	0	2.174827586	1.534482759	3.489310345	3.1	0.280406797	0.305035355	0.64651112	0.107349364	Troncais41R1
Troncais41	Troncais	R2	4	1	207	supra	Troncais41R2	84	27	6	3	69	22	21	8	42	8	7	2	1	1	74	24	33	12	3	1	36	4	15	8	18	8	12	6	0	0	2.133571429	1.507142857	2.90202381	4.911904762	0.62585171	0.197150778	0.699631262	0.561676235	Troncais41R2
Troncais41	Troncais	R3	4	1	207	supra	Troncais41R3	92	28	1	1	81	23	8	5	52	12	10	2	0	0	80	24	15	10	3	3	48	8	28	9	8	4	4	3	1	1	2.272608696	1.474456522	2.603369565	3.75	0.505273357	0.40139309	0.793891061	0.356232683	Troncais41R3
Troncais41	Troncais	R4	4	1	207	supra	Troncais41R4	30	17	3	2	19	12	3	3	11	5	1	1	0	0	29	16	6	2	1	1	10	4	10	7	4	4	6	2	0	0	2.241333333	1.496666667	2.586333333	5.06	0.647769652	0.331827946	0.822630171	0.620345627	Troncais41R4
Troncais41	Troncais	R5	4	1	207	supra	Troncais41R5	64	16	2	2	59	12	46	4	48	6	0	0	1	1	64	16	1	1	1	1	44	2	10	6	5	3	3	3	0	0	2.15125	2.2421875	2.514375	4.5890625	0.161149502	1.156065418	0.296240991	0.247005259	Troncais41R5
Troncais42	Troncais	R2	4	2	207	intra.sup	Troncais42R2	43	21	3	3	21	15	9	7	27	8	1	1	0	0	39	18	10	8	3	2	20	4	4	3	10	8	7	5	0	0	2.199302326	1.694186047	2.741627907	5.174418605	0.506673934	0.57290148	0.637319067	0.662779395	Troncais42R2
Troncais42	Troncais	R3	4	2	207	intra.sup	Troncais42R3	55	25	12	5	31	18	1	1	29	13	6	4	0	0	49	21	2	2	0	0	21	9	23	9	10	6	1	1	0	0	1.819818182	1.475818182	2.330363636	5.272727273	0.653413127	0.60925099	0.558736174	0.633765841	Troncais42R3
Troncais42	Troncais	R4	4	2	207	intra.sup	Troncais42R4	28	19	7	5	16	12	1	1	6	5	0	0	0	0	28	19	1	1	0	0	3	2	13	8	10	7	2	2	0	0	1.929642857	1.310714286	2.557142857	6.196428571	0.836516189	0.590834953	0.647664669	0.608933488	Troncais42R4
Troncais42	Troncais	R5	4	2	207	intra.sup	Troncais42R5	27	11	0	0	25	10	6	1	17	7	1	1	1	1	26	10	1	1	0	0	9	3	7	4	11	4	0	0	0	0	2.146296296	1.677777778	2.507407407	5.725925926	0.383420527	1.017852695	0.413854983	0.521929017	Troncais42R5
Troncais43	Troncais	R1	4	3	207	intra.inf	Troncais43R1	17	13	0	0	13	10	2	2	8	6	1	1	0	0	14	10	4	3	2	2	5	4	5	3	3	3	4	3	1	1	2.411176471	1.6	2.705882353	3.305882353	0.63011317	0.427083352	0.734877243	0.263264936	Troncais43R1
Troncais43	Troncais	R2	4	3	207	intra.inf	Troncais43R2	31	18	2	2	26	14	7	5	8	5	0	0	1	1	26	15	9	7	5	3	2	1	13	4	5	5	7	6	1	1	2.304193548	1.570967742	2.509677419	5.616129032	0.813791959	0.520292108	0.845123381	0.586949411	Troncais43R2
Troncais43	Troncais	R3	4	3	207	intra.inf	Troncais43R3	32	16	1	1	13	12	3	2	23	7	2	2	2	1	29	13	2	2	3	2	20	5	3	3	4	4	3	3	1	1	2.0753125	1.7875	2.783125	3.378125	0.593649975	0.478355598	0.552186761	0.386502177	Troncais43R3
Troncais43	Troncais	R4	4	3	207	intra.inf	Troncais43R4	16	13	6	3	8	8	1	1	4	4	1	1	0	0	14	11	1	1	0	0	4	4	4	3	7	5	0	0	1	1	2.684375	1.478125	2.703125	5.16875	0.778476058	0.865010616	0.66368601	0.552040969	Troncais43R4
Troncais43	Troncais	R5	4	3	207	intra.inf	Troncais43R5	28	8	0	0	28	8	0	0	21	3	1	1	0	0	26	6	0	0	0	0	1	1	22	3	4	3	0	0	1	1	2.175357143	1.538214286	2.201785714	3.071428571	0.408138816	0.275476025	0.384821789	0.136142779	Troncais43R5
Troncais44	Troncais	R1	4	4	207	infra	Troncais44R1	32	20	4	1	19	16	7	5	18	11	2	1	1	1	28	18	12	6	2	1	13	7	2	2	8	6	7	4	0	0	2.1778125	1.6953125	2.884375	3.10625	0.442119858	0.636940877	0.68999642	0.192365765	Troncais44R1
Troncais44	Troncais	R2	4	4	207	infra	Troncais44R2	18	10	3	1	11	7	5	3	8	5	0	0	1	1	15	9	3	1	3	1	5	3	4	2	1	1	8	4	3	1	2.616666667	1.925	2.778333333	4.977777778	0.855644173	0.699151264	0.667253762	0.647882756	Troncais44R2
Troncais44	Troncais	R3	4	4	207	infra	Troncais44R3	55	29	2	1	44	25	7	6	27	14	2	1	0	0	50	26	6	4	3	2	14	7	19	8	10	6	11	7	2	1	2.371272727	1.645454545	2.617818182	4.316363636	0.599399142	0.623235793	0.710610351	0.454719075	Troncais44R3
Troncais44	Troncais	R4	4	4	207	infra	Troncais44R4	29	16	3	2	23	13	1	1	14	6	0	0	0	0	29	16	1	1	0	0	5	3	16	8	7	4	1	1	0	0	2.39137931	1.502413793	2.339655172	3.744827586	0.632115225	0.360574811	0.589482149	0.36329563	Troncais44R4
Troncais44	Troncais	R5	4	4	207	infra	Troncais44R5	20	12	2	2	16	8	3	3	12	5	0	0	0	0	20	12	0	0	0	0	3	3	12	4	4	4	1	1	0	0	2.305	1.5685	2.4995	3.57	0.516630429	0.442280401	0.788049391	0.336115576	Troncais44R5
Troncais51	Troncais	R1	5	1	315	supra	Troncais51R1	33	13	8	2	24	10	10	5	6	5	0	0	0	0	32	12	27	9	1	1	1	1	5	3	10	5	16	3	0	0	1.96030303	1.389393939	3.231818182	4.203030303	0.415730702	0.45691513	0.602452422	0.218235551	Troncais51R1
Troncais51	Troncais	R2	5	1	315	supra	Troncais51R2	88	38	11	4	74	31	11	7	31	12	6	1	0	0	80	36	34	16	2	1	14	5	33	12	23	12	16	8	0	0	1.834772727	1.428409091	2.592613636	7.496590909	0.908610274	0.342269657	0.734113517	0.692456895	Troncais51R2
Troncais51	Troncais	R3	5	1	315	supra	Troncais51R3	86	22	4	2	74	17	3	3	64	9	7	2	0	0	77	18	5	5	3	3	61	6	16	7	3	3	4	4	2	2	2.25872093	1.523837209	2.679069767	3.259302326	0.51982752	0.280724343	0.600957093	0.272192482	Troncais51R3
Troncais51	Troncais	R4	5	1	315	supra	Troncais51R4	50	20	6	2	35	14	2	2	14	7	2	1	1	1	46	17	16	4	2	2	12	5	18	8	1	1	16	3	1	1	2.2632	1.513	2.668	6.984	0.664028772	0.545305718	0.807576171	0.700844595	Troncais51R4
Troncais52	Troncais	R1	5	2	315	intra.sup	Troncais52R1	55	21	16	1	32	17	12	7	16	10	2	2	1	1	46	16	36	8	7	3	7	5	4	2	9	5	29	6	2	1	2.311454545	1.486363636	3.166181818	3.969090909	0.489919271	0.322418517	0.596536219	0.247094038	Troncais52R1
Troncais52	Troncais	R2	5	2	315	intra.sup	Troncais52R2	48	23	4	2	37	18	12	4	21	9	1	1	1	1	41	20	21	10	6	2	10	4	7	4	14	7	10	5	2	1	2.1625	1.590625	2.831041667	6.2875	0.645920262	0.509552702	0.796676045	0.57257602	Troncais52R2
Troncais52	Troncais	R3	5	2	315	intra.sup	Troncais52R3	76	25	9	5	49	16	1	1	41	9	3	1	1	1	71	23	4	3	2	1	32	5	23	8	12	6	8	5	2	1	2.187105263	1.486184211	2.438684211	3.951315789	0.651822782	0.408440355	0.571390845	0.41896879	Troncais52R3
Troncais52	Troncais	R4	5	2	315	intra.sup	Troncais52R4	50	19	11	4	17	12	1	1	6	6	1	1	1	1	49	18	3	2	0	0	4	4	33	6	7	4	5	4	0	0	1.9782	1.459	2.2444	5.24	0.793574804	0.356728487	0.481264136	0.643015611	Troncais52R4
Troncais53	Troncais	R1	5	3	315	intra.inf	Troncais53R1	35	16	5	2	14	10	6	5	20	6	0	0	0	0	33	14	13	8	2	2	17	3	2	2	6	5	9	5	1	1	2.192857143	1.675714286	3.006285714	2.871428571	0.400600359	0.565225931	0.478127606	0.214058339	Troncais53R1
Troncais53	Troncais	R2	5	3	315	intra.inf	Troncais53R2	45	23	7	3	19	18	9	9	29	11	3	3	2	2	35	17	7	7	8	4	23	6	6	5	5	5	7	3	6	2	2.356	1.747777778	2.697111111	3.235555556	0.736794257	0.544740421	0.694980714	0.32647547	Troncais53R2
Troncais53	Troncais	R3	5	3	315	intra.inf	Troncais53R3	34	20	5	1	19	17	3	2	17	9	4	4	0	0	24	14	2	2	6	2	15	7	6	6	2	2	10	4	6	2	2.408529412	1.732941176	2.538823529	4.2	0.886467242	0.630408524	0.570222748	0.517178286	Troncais53R3
Troncais53	Troncais	R4	5	3	315	intra.inf	Troncais53R4	34	18	1	1	22	14	1	1	12	7	2	2	0	0	32	16	3	2	0	0	8	4	14	8	9	3	3	3	0	0	2.375294118	1.540294118	2.427941176	4.526470588	0.587596124	0.533519222	0.633989096	0.47474102	Troncais53R4
Troncais54	Troncais	R1	5	4	315	infra	Troncais54R1	49	18	6	1	34	14	10	4	20	6	0	0	0	0	44	17	21	6	5	1	12	3	12	5	8	6	12	3	0	0	2.11755102	1.52244898	2.865306122	4.428571429	0.556002863	0.402583721	0.724822363	0.381698473	Troncais54R1
Troncais54	Troncais	R2	5	4	315	infra	Troncais54R2	31	11	0	0	17	9	2	2	20	6	0	0	0	0	30	10	1	1	1	1	15	3	5	3	8	3	2	1	1	1	1.890967742	1.743548387	2.479032258	3.258064516	0.516726853	0.427112979	0.280478621	0.297532944	Troncais54R2
Troncais54	Troncais	R3	5	4	315	infra	Troncais54R3	37	15	4	1	21	12	10	4	24	7	1	1	0	0	32	13	1	1	4	1	22	6	6	3	3	3	6	3	4	1	2.428918919	1.885405405	2.621621622	2.864864865	0.80840479	0.762529403	0.443596842	0.226127416	Troncais54R3
Troncais54	Troncais	R4	5	4	315	infra	Troncais54R4	27	17	2	2	17	12	1	1	13	7	1	1	0	0	26	16	0	0	0	0	10	5	7	5	6	4	4	3	0	0	2.378518519	1.588888889	2.396296296	4.32962963	0.838788993	0.539800549	0.552361559	0.518644084	Troncais54R4
Troncais61	Troncais	R1	6	1	327	supra	Troncais61R1	60	21	7	2	46	17	24	4	25	9	3	2	0	0	53	18	33	7	4	1	17	5	7	6	24	6	8	3	0	0	2.189833333	1.5675	3.1475	3.876666667	0.438190895	0.427961245	0.81847023	0.360366833	Troncais61R1
Troncais61	Troncais	R2	6	1	327	supra	Troncais61R2	66	28	13	2	46	22	24	10	16	9	2	1	0	0	60	26	41	10	4	1	10	6	5	4	24	12	23	5	0	0	2.123939394	1.525757576	3.184545455	4.718181818	0.451573575	0.53091938	0.754837446	0.418250774	Troncais61R2
Troncais61	Troncais	R3	6	1	327	supra	Troncais61R3	143	32	2	2	132	26	8	5	101	10	8	2	0	0	131	28	11	8	4	2	97	8	29	11	7	6	6	5	1	1	2.369230769	1.488111888	2.680769231	3.156643357	0.359777817	0.281767662	0.622531663	0.205214578	Troncais61R3
Troncais61	Troncais	R4	6	1	327	supra	Troncais61R4	24	11	1	1	20	8	8	2	13	5	0	0	0	0	24	11	6	1	8	2	4	2	3	3	2	2	7	2	0	0	2.091666667	1.675	2.833333333	4.975	0.484825853	0.620160617	0.573087603	0.42655889	Troncais61R4
Troncais61	Troncais	R5	6	1	327	supra	Troncais61R5	22	12	2	2	12	8	5	2	16	7	0	0	0	0	22	12	0	0	2	1	10	2	7	6	0	0	2	2	0	0	2.001363636	1.806818182	2.403636364	3.345454545	0.290694442	0.693539831	0.38383775	0.271844154	Troncais61R5
Troncais62	Troncais	R1	6	2	327	intra.sup	Troncais62R1	79	18	21	1	46	13	29	4	31	9	1	1	0	0	68	16	53	6	10	1	19	6	4	3	20	5	26	3	0	0	2.20278481	1.550632911	3.25	3.394936709	0.381675115	0.367073157	0.660565606	0.18363678	Troncais62R1
Troncais62	Troncais	R2	6	2	327	intra.sup	Troncais62R2	43	25	1	1	32	21	12	7	25	9	3	2	1	1	32	19	14	10	9	5	16	5	3	3	11	8	4	4	3	3	2.199534884	1.615116279	2.914418605	4.753488372	0.728596073	0.523818077	0.703295702	0.448581499	Troncais62R2
Troncais62	Troncais	R3	6	2	327	intra.sup	Troncais62R3	59	26	6	4	41	20	3	3	39	11	3	1	2	1	55	24	6	4	1	1	29	6	10	6	10	6	7	6	1	1	2.08220339	1.558474576	2.544067797	4.683050847	0.586656123	0.636285896	0.658626668	0.558115297	Troncais62R3
Troncais62	Troncais	R4	6	2	327	intra.sup	Troncais62R4	76	22	11	2	31	17	4	3	10	7	3	2	0	0	73	20	6	3	1	1	5	4	53	7	9	7	9	4	0	0	2.130263158	1.432236842	2.216447368	5.918421053	0.812954428	0.304025771	0.502583913	0.785662727	Troncais62R4
Troncais62	Troncais	R5	6	2	327	intra.sup	Troncais62R5	55	17	1	1	47	14	18	6	20	4	0	0	1	1	55	17	2	2	0	0	17	3	28	7	7	5	2	1	0	0	1.956363636	1.753090909	2.257090909	5.218181818	0.672573154	1.070797498	0.566816124	0.574223065	Troncais62R5
Troncais63	Troncais	R1	6	3	327	intra.inf	Troncais63R1	69	23	13	1	39	19	14	5	34	11	3	3	0	0	61	18	32	7	5	2	24	6	4	3	14	6	22	6	1	1	2.126956522	1.576376812	3.035072464	3.384057971	0.435342456	0.460604147	0.648745617	0.233694503	Troncais63R1
Troncais63	Troncais	R2	6	3	327	intra.inf	Troncais63R2	64	34	10	2	46	30	19	11	17	8	1	1	0	0	58	30	31	11	5	3	12	5	11	9	13	8	23	9	2	2	2.20046875	1.583125	2.94234375	5.2734375	0.517500637	0.620680568	0.773703818	0.513571157	Troncais63R2
Troncais63	Troncais	R3	6	3	327	intra.inf	Troncais63R3	62	31	4	4	39	24	7	5	40	17	2	1	1	1	56	28	8	5	5	3	29	8	12	6	12	11	4	3	2	1	2.277741935	1.652903226	2.693870968	4.020967742	0.64491791	0.680006171	0.650733132	0.44895151	Troncais63R3
Troncais63	Troncais	R4	6	3	327	intra.inf	Troncais63R4	26	11	1	1	9	7	5	4	13	4	0	0	1	1	26	11	0	0	0	0	13	4	6	2	5	3	1	1	0	0	2.407692308	1.765	2.862307692	3.607692308	0.595623818	0.638544365	0.75810334	0.454550809	Troncais63R4
Troncais63	Troncais	R5	6	3	327	intra.inf	Troncais63R5	11	9	0	0	9	7	3	2	5	3	0	0	0	0	11	9	1	1	0	0	4	3	4	3	2	2	1	1	0	0	2.196363636	1.92	2.572727273	2.763636364	0.388152088	0.998857366	0.592757017	0.13938551	Troncais63R5
Troncais64	Troncais	R1	6	4	327	infra	Troncais64R1	43	20	5	2	23	14	11	5	25	12	2	2	0	0	40	17	15	7	1	1	23	9	2	1	10	5	7	4	0	0	2.208139535	1.673023256	3.091860465	2.809302326	0.379463105	0.5319332	0.576685148	0.19554786	Troncais64R1
Troncais64	Troncais	R3	6	4	327	infra	Troncais64R3	60	26	2	2	38	21	14	8	43	14	1	1	0	0	58	24	4	4	1	1	31	8	9	4	14	8	6	6	1	1	2.246833333	1.754	2.618666667	3.983333333	0.602220704	0.647790537	0.577591397	0.411093012	Troncais64R3
Troncais64	Troncais	R4	6	4	327	infra	Troncais64R4	20	13	1	1	14	10	4	4	11	8	1	1	0	0	19	12	0	0	0	0	7	4	2	2	10	6	1	1	0	0	2.148	1.625	2.772	4.065	0.885507095	0.659487875	0.717721429	0.487068246	Troncais64R4
Troncais64	Troncais	R5	6	4	327	infra	Troncais64R5	9	9	0	0	7	7	1	1	6	6	0	0	1	1	9	9	0	0	0	0	3	3	3	3	1	1	1	1	0	0	2.254444444	1.616666667	2.598888889	2.677777778	0.569175758	0.484027798	0.99874561	0.18118755	Troncais64R5
Troncais71	Troncais	R1	7	1	337	supra	Troncais71R1	40	18	5	1	28	14	5	3	22	8	6	1	0	0	33	16	11	5	1	1	19	5	8	6	4	2	7	3	1	1	2.07275	1.49625	2.53125	3.185	0.372764087	0.406885868	0.919679186	0.252856413	Troncais71R1
Troncais71	Troncais	R2	7	1	337	supra	Troncais71R2	47	19	1	1	39	14	15	3	13	8	3	2	0	0	42	16	22	7	2	1	11	7	19	7	13	2	2	2	0	0	2.071276596	1.553191489	2.823404255	3.372340426	0.491229968	0.362637395	1.020542463	0.274765967	Troncais71R2
Troncais71	Troncais	R3	7	1	337	supra	Troncais71R3	76	20	1	1	57	16	3	3	59	9	4	2	0	0	70	16	5	5	3	3	57	7	12	6	1	1	4	4	1	1	2.298947368	1.558552632	2.721710526	2.568421053	0.405879454	0.418999133	0.534982927	0.111064813	Troncais71R3
Troncais71	Troncais	R4	7	1	337	supra	Troncais71R4	42	19	2	2	27	13	3	3	10	5	5	1	1	1	35	17	12	3	2	1	10	5	16	7	1	1	12	4	2	1	2.289285714	1.433809524	2.448809524	4.754761905	0.615899737	0.496704717	0.905863681	0.492169722	Troncais71R4
Troncais71	Troncais	R5	7	1	337	supra	Troncais71R5	20	12	0	0	19	11	8	3	11	6	2	2	0	0	18	10	0	0	0	0	9	4	4	3	4	2	1	1	0	0	2.194	1.8775	2.5215	6.005	0.244733039	1.38008426	0.384953056	0.606718549	Troncais71R5
Troncais72	Troncais	R1	7	2	337	intra.sup	Troncais72R1	19	8	5	1	13	6	3	2	5	4	0	0	0	0	19	8	15	5	0	0	4	3	0	0	4	3	11	2	0	0	2.064736842	1.381578947	3.307894737	3.936842105	0.331581326	0.583246793	0.335840354	0.223361574	Troncais72R1
Troncais72	Troncais	R2	7	2	337	intra.sup	Troncais72R2	73	38	14	5	47	30	21	13	26	12	4	2	0	0	67	34	22	16	2	2	16	6	18	8	26	14	12	9	1	1	2.05109589	1.467808219	2.739178082	7.78630137	0.792740416	0.607782326	0.838586836	0.871240812	Troncais72R2
Troncais72	Troncais	R3	7	2	337	intra.sup	Troncais72R3	102	37	16	7	67	26	9	8	59	12	3	2	1	1	96	33	5	5	4	3	54	8	21	8	11	9	14	10	3	2	2.194705882	1.48872549	2.617058824	4.114705882	0.637331112	0.526992011	0.671467835	0.484950822	Troncais72R3
Troncais72	Troncais	R4	7	2	337	intra.sup	Troncais72R4	20	15	4	4	13	10	1	1	6	4	2	1	1	1	18	14	2	2	0	0	2	1	4	2	11	9	2	2	0	0	2.0135	1.36	2.4495	4.41	0.851488187	0.522750022	0.922940728	0.445417283	Troncais72R4
Troncais72	Troncais	R5	7	2	337	intra.sup	Troncais72R5	35	15	1	1	25	11	10	3	19	7	1	1	0	0	34	14	2	2	1	1	11	4	9	3	14	7	0	0	0	0	2.015142857	1.797142857	2.561428571	4.3	0.565544915	1.110695626	0.501587184	0.307892131	Troncais72R5
Troncais73	Troncais	R1	7	3	337	intra.inf	Troncais73R1	44	21	12	4	21	13	9	6	22	10	1	1	0	0	41	18	21	7	2	2	15	6	4	4	6	3	18	7	1	1	2.187727273	1.577272727	3.032272727	3.352272727	0.347396119	0.291516742	0.5896478	0.239294952	Troncais73R1
Troncais73	Troncais	R2	7	3	337	intra.inf	Troncais73R2	26	17	3	3	17	12	11	6	15	8	3	3	4	1	21	12	9	7	6	3	9	5	1	1	7	5	4	4	1	1	2.551923077	1.536538462	3.287307692	5.288461538	0.857007284	0.592862451	0.909982525	0.57312268	Troncais73R2
Troncais73	Troncais	R3	7	3	337	intra.inf	Troncais73R3	39	15	4	3	10	9	4	4	29	7	0	0	1	1	36	13	3	3	4	3	26	4	2	1	4	4	5	4	2	1	2.289230769	1.747435897	2.824615385	2.974358974	0.640439565	0.511554692	0.572185982	0.331193778	Troncais73R3
Troncais73	Troncais	R4	7	3	337	intra.inf	Troncais73R4	52	19	12	4	17	12	3	2	24	4	1	1	0	0	51	18	3	1	0	0	22	4	14	5	15	9	1	1	0	0	2.264230769	1.581153846	2.716923077	4.236538462	0.660763131	0.814792061	0.629598468	0.532928182	Troncais73R4
Troncais73	Troncais	R5	7	3	337	intra.inf	Troncais73R5	17	11	1	1	14	8	5	2	9	5	0	0	0	0	16	10	0	0	1	1	6	3	5	4	5	3	1	1	1	1	2.339411765	1.777647059	2.608823529	4.929411765	0.49913607	1.1115891	0.506435403	0.500132354	Troncais73R5
Troncais74	Troncais	R1	7	4	337	infra	Troncais74R1	39	24	2	2	29	17	11	3	18	11	2	2	1	1	34	21	20	10	3	1	12	7	5	5	13	5	6	6	0	0	2.07025641	1.564102564	2.984615385	3.387179487	0.521064434	0.375193146	0.731509522	0.243340271	Troncais74R1
Troncais74	Troncais	R2	7	4	337	infra	Troncais74R2	21	14	1	1	11	11	5	5	13	6	1	1	0	0	19	12	3	3	0	0	13	6	1	1	4	4	2	2	1	1	2.153333333	1.908095238	2.943333333	3.380952381	0.483163593	0.688943875	0.587535189	0.342335091	Troncais74R2
Troncais74	Troncais	R3	7	4	337	infra	Troncais74R3	39	13	2	2	24	9	14	3	28	6	0	0	0	0	38	12	1	1	1	1	27	5	3	1	5	4	3	2	1	1	2.187948718	1.944871795	2.556153846	3.487179487	0.411303408	1.016744784	0.386531929	0.282723653	Troncais74R3
Troncais74	Troncais	R4	7	4	337	infra	Troncais74R4	47	23	4	2	32	18	4	4	14	5	2	1	0	0	45	22	5	2	0	0	14	5	8	6	15	9	10	3	0	0	2.429574468	1.523617021	2.613617021	6.229787234	0.726093586	0.587319199	0.701842698	0.701193704	Troncais74R4
Troncais74	Troncais	R5	7	4	337	infra	Troncais74R5	15	9	0	0	12	7	2	2	12	7	1	1	0	0	14	8	0	0	0	0	5	4	7	3	3	2	0	0	0	0	2.240666667	1.654666667	2.333333333	4.293333333	0.425715885	0.675057436	0.48543891	0.463738765	Troncais74R5
Troncais81	Troncais	R1	8	1	350	supra	Troncais81R1	64	15	10	1	49	12	28	3	14	7	2	1	0	0	61	13	48	7	1	1	10	4	2	1	32	6	19	3	0	0	2.13109375	1.46171875	3.39296875	3.471875	0.319702019	0.358530357	0.670826561	0.195222186	Troncais81R1
Troncais81	Troncais	R2	8	1	350	supra	Troncais81R2	97	34	4	2	91	31	29	9	28	9	6	1	0	0	88	32	50	13	3	1	21	5	27	12	29	10	17	6	0	0	2.147938144	1.503092784	2.72628866	6.54742268	0.681626879	0.457380291	0.94871861	0.733816669	Troncais81R2
Troncais81	Troncais	R3	8	1	350	supra	Troncais81R3	100	30	11	5	80	22	10	8	56	11	10	2	0	0	89	27	9	7	3	3	53	8	25	10	5	3	15	7	0	0	2.3249	1.424	2.4332	4.28	0.561857806	0.441820574	0.817401455	0.517942985	Troncais81R3
Troncais81	Troncais	R4	8	1	350	supra	Troncais81R4	18	12	2	1	10	9	1	1	8	4	1	1	0	0	17	11	1	1	0	0	7	3	8	6	3	3	0	0	0	0	2.073888889	1.561111111	2.305555556	4.427777778	0.622692696	0.321191286	0.505665532	0.501011029	Troncais81R4
Troncais81	Troncais	R5	8	1	350	supra	Troncais81R5	26	11	0	0	23	9	9	2	20	5	0	0	0	0	26	11	0	0	0	0	11	3	14	7	1	1	0	0	0	0	2.283846154	1.805769231	2.280769231	5.015384615	0.229086084	1.182860833	0.413628421	0.551614765	Troncais81R5
Troncais82	Troncais	R1	8	2	350	intra.sup	Troncais82R1	83	23	19	2	42	17	15	5	29	9	1	1	0	0	77	20	47	9	5	2	24	6	12	6	16	5	26	4	2	1	2.097710843	1.51746988	2.996987952	3.426506024	0.352252166	0.287824049	0.723701404	0.218738933	Troncais82R1
Troncais82	Troncais	R2	8	2	350	intra.sup	Troncais82R2	60	32	2	2	44	26	17	12	32	12	6	2	2	1	52	28	16	13	4	3	21	5	6	3	21	13	8	8	1	1	2.1945	1.615833333	2.751833333	5.626666667	0.631042279	0.691353039	0.813386605	0.662500241	Troncais82R2
Troncais82	Troncais	R3	8	2	350	intra.sup	Troncais82R3	100	36	13	7	56	25	15	8	58	14	3	2	0	0	96	33	12	9	1	1	43	8	20	7	22	13	15	8	1	1	2.1251	1.6133	2.5105	4.425	0.614508413	0.774347672	0.628667661	0.543942765	Troncais82R3
Troncais82	Troncais	R4	8	2	350	intra.sup	Troncais82R4	12	6	0	0	7	4	2	1	5	2	0	0	0	0	10	5	2	1	2	1	5	2	3	2	2	1	0	0	2	1	2.558333333	1.566666667	3	6.625	0.691097217	0.524363448	0.606798638	0.920112827	Troncais82R4
Troncais82	Troncais	R5	8	2	350	intra.sup	Troncais82R5	19	12	3	3	9	6	5	2	9	4	1	1	0	0	18	11	2	1	0	0	9	4	5	4	5	4	0	0	0	0	2.281052632	1.605263158	2.6	6.357894737	0.673641044	1.008279514	0.638735408	0.886054609	Troncais82R5
Troncais83	Troncais	R1	8	3	350	intra.inf	Troncais83R1	66	22	7	1	41	18	16	5	32	8	0	0	0	0	60	19	32	11	6	3	20	3	11	6	15	5	14	5	2	2	2.168484848	1.563636364	2.959848485	3.159090909	0.426407799	0.351353512	0.732755325	0.211811315	Troncais83R1
Troncais83	Troncais	R2	8	3	350	intra.inf	Troncais83R2	77	27	2	1	42	23	26	9	62	16	3	3	2	1	70	20	8	6	6	5	44	9	4	4	16	4	8	6	2	2	2.287792208	1.77038961	3.047792208	3.354545455	0.537880739	0.672552911	0.688850013	0.300621951	Troncais83R2
Troncais83	Troncais	R3	8	3	350	intra.inf	Troncais83R3	90	28	7	3	46	22	21	10	60	15	4	3	2	1	76	23	8	5	12	3	47	11	17	4	6	5	16	6	0	0	2.456222222	1.699444444	2.715444444	4.266666667	0.717224139	0.671095579	0.667343658	0.552558676	Troncais83R3
Troncais83	Troncais	R4	8	3	350	intra.inf	Troncais83R4	42	22	6	3	19	14	4	3	26	11	4	2	0	0	38	20	5	4	0	0	21	7	8	4	10	8	3	3	0	0	2.111904762	1.691904762	2.873333333	4.669047619	0.670085098	0.797712934	0.648792956	0.565807063	Troncais83R4
Troncais83	Troncais	R5	8	3	350	intra.inf	Troncais83R5	12	9	1	1	9	6	6	3	5	4	1	1	0	0	11	8	3	2	0	0	4	3	4	3	3	2	1	1	0	0	2.4175	1.6375	2.55	8.2	0.450623593	0.821838866	0.697818434	1.146042932	Troncais83R5
Troncais84	Troncais	R1	8	4	350	infra	Troncais84R1	34	19	0	0	19	15	6	3	21	8	0	0	1	1	30	17	8	5	4	2	15	4	5	4	6	5	3	3	1	1	2.142352941	1.730882353	2.742352941	3.208823529	0.475769264	0.57405027	0.611963775	0.26557324	Troncais84R1
Troncais84	Troncais	R2	8	4	350	infra	Troncais84R2	48	21	0	0	23	17	4	4	29	8	3	3	0	0	45	18	6	5	0	0	28	7	8	6	7	7	5	1	0	0	2.144375	1.712916667	2.610208333	4.2375	0.463317216	0.540329643	0.573730219	0.587186642	Troncais84R2
Troncais84	Troncais	R3	8	4	350	infra	Troncais84R3	59	26	0	0	34	22	15	9	40	13	3	3	1	1	50	21	8	7	7	3	30	8	6	4	10	8	11	4	1	1	2.376949153	1.801016949	2.813220339	4.216949153	0.700690871	0.650607891	0.627535428	0.497085256	Troncais84R3
Troncais84	Troncais	R4	8	4	350	infra	Troncais84R4	30	22	1	1	24	18	5	5	18	12	1	1	0	0	29	21	4	2	0	0	9	7	10	7	9	6	1	1	0	0	2.282333333	1.635666667	2.691666667	3.39	0.527885441	0.659030738	0.734900573	0.317014861	Troncais84R4
Troncais84	Troncais	R5	8	4	350	infra	Troncais84R5	31	9	0	0	28	7	0	0	28	7	1	1	0	0	30	8	1	1	0	0	5	4	22	2	4	3	0	0	0	0	2.092258065	1.527419355	2.185483871	2.74516129	0.375393077	0.18232889	0.348546148	0.166352171	Troncais84R5
Troncais91	Troncais	R2	9	1	368	supra	Troncais91R2	77	30	2	2	68	26	22	7	32	11	8	2	0	0	65	27	33	12	4	1	25	7	17	6	24	9	6	6	0	0	2.111558442	1.494805195	2.764285714	5.2	0.533735883	0.401737358	0.943183486	0.610008508	Troncais91R2
Troncais91	Troncais	R3	9	1	368	supra	Troncais91R3	56	21	6	4	45	15	5	4	40	10	4	2	0	0	51	18	7	5	3	3	37	7	9	5	3	2	5	5	1	1	2.24125	1.532142857	2.651607143	3.728571429	0.560049418	0.490819005	0.679916326	0.397170377	Troncais91R3
Troncais91	Troncais	R4	9	1	368	supra	Troncais91R4	58	22	1	1	44	18	8	6	21	8	2	2	1	1	54	19	16	4	6	3	15	5	20	8	1	1	17	5	2	1	2.402068966	1.518965517	2.643103448	4.989655172	0.409833445	0.41654592	0.761925519	0.537499362	Troncais91R4
Troncais91	Troncais	R5	9	1	368	supra	Troncais91R5	21	9	0	0	18	7	12	2	19	7	1	1	0	0	20	8	0	0	1	1	15	4	4	3	0	0	1	1	0	0	2.205238095	2.114285714	2.52047619	3.547619048	0.147890775	1.231472086	0.247727952	0.146305004	Troncais91R5
Troncais92	Troncais	R2	9	2	368	intra.sup	Troncais92R2	51	30	7	3	34	23	14	8	23	12	1	1	0	0	46	27	25	14	4	2	12	5	6	6	10	8	19	9	1	1	2.327843137	1.560784314	3.124509804	5.366666667	0.620899191	0.428013816	0.707348508	0.537749147	Troncais92R2
Troncais92	Troncais	R3	9	2	368	intra.sup	Troncais92R3	67	27	7	6	53	19	17	7	28	8	1	1	0	0	63	24	21	8	3	2	25	6	12	5	19	7	9	8	3	2	2.345522388	1.507462687	3.012238806	8.586567164	0.864857294	0.535891771	0.609523757	1.094742819	Troncais92R3
Troncais92	Troncais	R4	9	2	368	intra.sup	Troncais92R4	50	15	4	1	15	11	3	2	7	4	0	0	0	0	50	15	4	3	0	0	4	2	30	3	13	7	3	3	0	0	2.1882	1.517	2.37	3.26	0.578057407	0.266021678	0.57475967	0.273681894	Troncais92R4
Troncais92	Troncais	R5	9	2	368	intra.sup	Troncais92R5	30	11	1	1	21	8	10	3	17	4	0	0	0	0	30	11	0	0	0	0	12	2	10	4	6	3	2	2	0	0	2.124	1.806666667	2.473	4.063333333	0.51112986	1.023987698	0.495309502	0.27079303	Troncais92R5
Troncais93	Troncais	R2	9	3	368	intra.inf	Troncais93R2	53	26	5	2	38	22	15	6	32	15	2	2	4	2	47	21	18	7	7	4	14	6	9	4	12	6	11	6	2	2	2.367735849	1.527735849	2.986792453	5.4	0.702320184	0.577748952	0.80461197	0.6228845	Troncais93R2
Troncais93	Troncais	R4	9	3	368	intra.inf	Troncais93R4	48	28	7	4	29	21	6	5	18	9	2	2	0	0	46	26	4	3	0	0	13	6	17	10	14	9	4	3	0	0	2.268333333	1.485833333	2.625416667	6.408333333	0.761793641	0.553438729	0.70599336	0.914945656	Troncais93R4
Troncais93	Troncais	R5	9	3	368	intra.inf	Troncais93R5	17	12	2	2	14	9	1	1	12	7	4	2	0	0	13	10	0	0	0	0	7	5	6	3	2	2	2	2	0	0	2.141176471	1.598235294	2.511764706	3.629411765	0.335568425	0.676801499	0.553887476	0.266105925	Troncais93R5
Troncais94	Troncais	R2	9	4	368	infra	Troncais94R2	39	20	0	0	24	17	5	2	26	10	1	1	3	2	34	17	5	3	6	3	15	3	9	5	7	7	1	1	1	1	2.235384615	1.651282051	2.607179487	3.783333333	0.513853856	0.437566221	0.662603367	0.377043593	Troncais94R2
Troncais94	Troncais	R3	9	4	368	infra	Troncais94R3	78	24	2	2	50	18	19	3	61	13	3	3	0	0	72	19	5	4	3	2	44	8	15	5	7	5	11	5	1	1	2.168205128	1.821794872	2.517307692	3.862820513	0.405528269	0.857072892	0.433855042	0.410264184	Troncais94R3
Troncais94	Troncais	R4	9	4	368	infra	Troncais94R4	26	14	0	0	17	11	1	1	17	6	0	0	0	0	26	14	3	1	0	0	9	3	8	5	8	5	1	1	0	0	1.999230769	1.614230769	2.615384615	3.346153846	0.565654851	0.584914658	0.596027065	0.396960203	Troncais94R4
Troncais94	Troncais	R5	9	4	368	infra	Troncais94R5	12	7	2	1	8	4	0	0	9	5	1	1	0	0	11	6	0	0	0	0	3	3	6	2	3	2	0	0	0	0	2.13	1.520833333	2.375	2.908333333	0.503513686	0.478985842	0.455098978	0.184355165	Troncais94R5
Vierzon111	Vierzon	R1	11	1	81	supra	Vierzon111R1	46	19	3	2	36	15	9	3	23	6	1	1	2	2	45	18	15	7	0	0	22	5	5	4	11	4	8	6	0	0	2.106521739	1.545652174	2.902826087	3.67173913	0.422608841	0.378575617	0.708451748	0.357590745	Vierzon111R1
Vierzon111	Vierzon	R2	11	1	81	supra	Vierzon111R2	84	22	10	5	62	16	9	5	51	9	5	2	1	1	78	19	15	7	1	1	49	7	15	3	7	3	12	8	0	0	2.286071429	1.501785714	2.736904762	3.128571429	0.406131152	0.27216274	0.702978286	0.213639438	Vierzon111R2
Vierzon111	Vierzon	R3	11	1	81	supra	Vierzon111R3	59	23	3	1	41	17	2	2	38	12	5	4	0	0	53	18	5	3	1	1	34	10	17	7	4	2	2	2	1	1	2.166779661	1.551694915	2.499152542	2.984745763	0.515898568	0.567943563	0.680046782	0.232543126	Vierzon111R3
Vierzon111	Vierzon	R4	11	1	81	supra	Vierzon111R4	129	26	4	2	94	21	3	3	46	8	0	0	0	0	128	25	45	7	1	1	21	4	58	10	33	5	15	5	1	1	2.353953488	1.513565891	2.670155039	6.039534884	0.313187156	0.186618734	0.785932043	0.75607892	Vierzon111R4
Vierzon111	Vierzon	R5	11	1	81	supra	Vierzon111R5	20	11	4	2	12	6	2	1	12	7	0	0	1	1	20	11	0	0	0	0	6	4	8	4	2	1	4	2	0	0	2.247	1.675	2.5515	4.86	0.288906845	0.762343783	0.54793917	0.486127465	Vierzon111R5
Vierzon112	Vierzon	R1	11	2	81	intra.sup	Vierzon112R1	80	20	3	1	69	16	9	4	30	11	2	2	1	1	76	17	15	7	2	1	24	7	2	2	10	5	42	5	0	0	2.262875	1.7425	3.1475	6.45	0.205918322	0.580077065	0.516537341	0.694253993	Vierzon112R1
Vierzon112	Vierzon	R2	11	2	81	intra.sup	Vierzon112R2	98	35	7	4	80	28	15	7	63	15	4	2	2	1	91	32	20	12	3	1	48	9	9	7	22	7	16	11	0	0	2.179693878	1.532142857	2.802959184	4.616326531	0.543985952	0.314688627	0.652926454	0.523077513	Vierzon112R2
Vierzon112	Vierzon	R3	11	2	81	intra.sup	Vierzon112R3	87	33	9	3	73	28	10	9	57	13	6	3	2	2	80	29	11	10	1	1	52	8	16	9	10	9	6	4	0	0	2.192873563	1.547356322	2.784597701	5.15862069	0.567994739	0.554256274	0.658956544	0.66120808	Vierzon112R3
Vierzon112	Vierzon	R4	11	2	81	intra.sup	Vierzon112R4	339	33	6	4	265	26	18	11	89	10	0	0	0	0	339	33	149	7	1	1	26	5	150	11	149	9	14	8	0	0	2.476784661	1.467109145	2.797610619	8.519469027	0.217772815	0.20421693	0.885120368	0.964744395	Vierzon112R4
Vierzon113	Vierzon	R1	11	3	81	intra.inf	Vierzon113R1	28	16	3	2	14	11	6	4	21	10	1	1	0	0	24	14	10	6	3	1	15	7	1	1	1	1	8	6	0	0	2.2625	1.6775	3.076785714	4.121428571	0.466037278	0.550581621	0.48964935	0.442114948	Vierzon113R1
Vierzon113	Vierzon	R2	11	3	81	intra.inf	Vierzon113R2	61	20	1	1	35	17	14	7	46	10	1	1	3	1	57	18	15	8	6	2	36	5	4	3	9	5	6	5	0	0	2.22557377	1.651967213	2.999672131	3.186885246	0.472348757	0.496957754	0.556747942	0.264083537	Vierzon113R2
Vierzon113	Vierzon	R3	11	3	81	intra.inf	Vierzon113R3	55	16	3	2	27	12	4	4	48	10	0	0	3	3	55	16	3	3	0	0	44	8	5	2	3	3	1	1	0	0	2.217636364	1.700909091	2.747272727	3.5	0.403955124	0.644517016	0.563590563	0.462771203	Vierzon113R3
Vierzon113	Vierzon	R4	11	3	81	intra.inf	Vierzon113R4	76	22	3	2	53	17	5	4	53	10	3	2	1	1	73	20	8	5	0	0	18	7	46	6	10	7	1	1	0	0	2.285921053	1.544078947	2.382631579	4.317105263	0.280951882	0.301427976	0.631036966	0.575621586	Vierzon113R4
Vierzon113	Vierzon	R5	11	3	81	intra.inf	Vierzon113R5	10	7	0	0	6	5	1	1	7	4	0	0	0	0	10	7	0	0	0	0	4	2	3	2	2	2	1	1	0	0	2.134	1.685	2.475	4.77	0.339173589	0.537270856	0.400487101	0.597310734	Vierzon113R5
Vierzon114	Vierzon	R1	11	4	81	infra	Vierzon114R1	32	12	0	0	19	9	2	2	28	8	11	2	3	3	21	10	3	3	0	0	26	6	0	0	1	1	5	5	0	0	2.2746875	1.671875	2.578125	2.54375	0.305093196	0.467956563	0.720573383	0.178334223	Vierzon114R1
Vierzon114	Vierzon	R2	11	4	81	infra	Vierzon114R2	54	21	1	1	25	18	11	8	41	10	0	0	1	1	52	20	10	7	2	1	35	5	3	3	9	8	5	4	0	0	2.197407407	1.663888889	2.773518519	5.637037037	0.399701099	0.455145481	0.551787222	0.858540853	Vierzon114R2
Vierzon114	Vierzon	R3	11	4	81	infra	Vierzon114R3	32	26	2	1	27	22	7	6	18	15	3	3	2	2	27	22	6	5	2	1	12	10	6	6	9	6	3	3	0	0	2.4115625	1.54375	2.56125	4.653125	0.515951122	0.444322393	0.840416114	0.532563852	Vierzon114R3
Vierzon114	Vierzon	R4	11	4	81	infra	Vierzon114R4	50	16	0	0	47	14	5	5	43	10	1	1	0	0	48	14	3	2	1	1	5	4	35	3	7	6	3	3	0	0	2.3318	1.539	2.344	3.984	0.273958835	0.274734178	0.625148229	0.462029774	Vierzon114R4
Vierzon114	Vierzon	R5	11	4	81	infra	Vierzon114R5	11	8	0	0	9	6	1	1	7	4	0	0	0	0	11	8	0	0	0	0	2	2	4	2	5	4	0	0	0	0	2.159090909	1.472727273	2.649090909	4.209090909	0.479420282	0.30401746	0.749020203	0.384794482	Vierzon114R5
Vierzon121	Vierzon	R2	12	1	22	supra	Vierzon121R2	103	30	19	3	71	24	14	4	40	9	9	2	2	1	93	27	31	9	1	1	36	6	18	9	28	8	20	6	0	0	1.907475728	1.455339806	2.477281553	4.688349515	0.48683015	0.496756968	1.014161913	0.555028765	Vierzon121R2
Vierzon121	Vierzon	R3	12	1	22	supra	Vierzon121R3	80	21	8	2	65	17	2	2	47	9	5	2	0	0	74	18	14	4	1	1	25	6	34	7	1	1	19	6	0	0	2.13475	1.451875	2.347125	3.8725	0.442134733	0.487658007	0.801774418	0.393631537	Vierzon121R3
Vierzon121	Vierzon	R4	12	1	22	supra	Vierzon121R4	59	17	4	2	32	10	3	2	12	5	0	0	2	1	58	16	20	3	1	1	8	4	25	6	12	2	11	3	1	1	2.314576271	1.578813559	2.624576271	5.962711864	0.448860489	0.372997578	0.787182215	0.735780525	Vierzon121R4
Vierzon121	Vierzon	R5	12	1	22	supra	Vierzon121R5	32	9	0	0	30	7	23	1	27	4	0	0	0	0	32	9	0	0	0	0	24	2	5	4	2	2	1	1	0	0	2.1475	2.2765625	2.5275	4.23125	0.098573911	1.125222826	0.221102254	0.166841721	Vierzon121R5
Vierzon122	Vierzon	R2	12	2	22	intra.sup	Vierzon122R2	100	40	18	5	53	32	13	9	52	15	5	3	0	0	91	34	23	11	4	3	43	9	8	7	19	9	27	13	2	2	2.1268	1.626	2.7756	4.546	0.477909804	0.674444334	0.756682756	0.532434441	Vierzon122R2
Vierzon122	Vierzon	R3	12	2	22	intra.sup	Vierzon122R3	215	36	6	2	197	31	23	11	157	12	6	3	2	1	209	33	25	9	0	0	29	8	142	10	17	7	25	10	0	0	2.273906977	1.546976744	2.389023256	4.596744186	0.253459441	0.340657142	0.687272805	0.567024776	Vierzon122R3
Vierzon122	Vierzon	R5	12	2	22	intra.sup	Vierzon122R5	17	12	1	1	10	8	6	4	10	5	1	1	0	0	16	11	0	0	0	0	9	4	3	3	3	3	2	2	0	0	2.186470588	1.788235294	2.667058824	4.964705882	0.330736942	0.874264743	0.516933649	0.546890291	Vierzon122R5
Vierzon123	Vierzon	R2	12	3	22	intra.inf	Vierzon123R2	53	26	5	2	29	21	12	7	36	15	1	1	1	1	50	24	9	5	2	1	26	8	3	2	8	5	14	10	0	0	2.185471698	1.72490566	2.827735849	3.239622642	0.41319119	0.666473022	0.703169235	0.265473386	Vierzon123R2
Vierzon123	Vierzon	R3	12	3	22	intra.inf	Vierzon123R3	275	22	3	2	256	17	6	5	248	10	1	1	1	1	273	20	2	2	1	1	21	6	241	6	3	3	10	7	1	1	2.287963636	1.530981818	2.106727273	2.952363636	0.101335474	0.179660878	0.239614251	0.160833123	Vierzon123R3
Vierzon123	Vierzon	R5	12	3	22	intra.inf	Vierzon123R5	7	7	0	0	6	6	1	1	5	5	0	0	0	0	7	7	1	1	0	0	3	3	2	2	2	2	0	0	0	0	2.105714286	1.714285714	2.692857143	4.071428571	0.260089731	0.810005704	0.512682931	0.383992454	Vierzon123R5
Vierzon124	Vierzon	R1	12	4	22	infra	Vierzon124R1	32	19	2	2	24	14	8	5	13	8	0	0	0	0	29	18	5	3	3	1	7	4	3	3	2	2	17	9	0	0	2.1940625	1.9125	2.8234375	4.5	0.486894627	0.826250578	0.559392494	0.391279583	Vierzon124R1
Vierzon124	Vierzon	R2	12	4	22	infra	Vierzon124R2	30	15	0	0	13	12	6	5	23	8	1	1	4	3	28	13	2	2	2	2	20	5	1	1	3	3	4	4	1	1	2.26	1.71	2.640333333	3.783333333	0.485742615	0.451759279	0.611383339	0.457847002	Vierzon124R2
Vierzon124	Vierzon	R3	12	4	22	infra	Vierzon124R3	183	21	1	1	171	17	13	3	159	10	1	1	2	2	182	20	2	2	0	0	29	6	145	7	3	3	4	3	0	0	2.234972678	1.599453552	2.131420765	2.978688525	0.166943744	0.42356949	0.294222597	0.161376211	Vierzon124R3
Vierzon124	Vierzon	R4	12	4	22	infra	Vierzon124R4	138	18	1	1	128	13	5	4	107	7	0	0	0	0	137	17	1	1	1	1	11	6	122	7	1	1	2	2	1	1	2.275434783	1.538188406	2.097101449	2.9	0.136358459	0.201675708	0.22056831	0.136593047	Vierzon124R4
Vierzon124	Vierzon	R5	12	4	22	infra	Vierzon124R5	9	5	1	1	8	4	0	0	5	1	0	0	1	1	9	5	0	0	0	0	0	0	7	3	1	1	1	1	0	0	2.494444444	1.444444444	2	3.655555556	0.427822086	0.262928681	3.57739E-16	0.307469782	Vierzon124R5
Vierzon131	Vierzon	R1	13	1	63	supra	Vierzon131R1	46	16	7	2	34	12	9	4	24	6	0	0	0	0	42	14	18	7	4	2	16	3	8	3	8	4	10	4	1	1	2.324347826	1.556521739	2.83	4.389130435	0.5279971	0.361419623	0.669589106	0.402810988	Vierzon131R1
Vierzon131	Vierzon	R2	13	1	63	supra	Vierzon131R2	120	30	9	3	109	26	18	9	62	11	11	3	0	0	108	26	26	12	1	1	56	6	15	6	25	7	22	9	0	0	2.218166667	1.479166667	2.745083333	5.553333333	0.654324498	0.308567722	0.740776406	0.692320164	Vierzon131R2
Vierzon131	Vierzon	R3	13	1	63	supra	Vierzon131R3	93	27	12	3	70	19	5	5	44	13	6	3	5	4	87	24	5	5	0	0	41	10	38	8	3	3	11	6	0	0	2.273333333	1.431182796	2.243548387	3.849462366	0.526034629	0.483188347	0.714477508	0.426925877	Vierzon131R3
Vierzon131	Vierzon	R4	13	1	63	supra	Vierzon131R4	107	23	1	1	85	19	3	2	30	8	2	1	0	0	103	21	37	5	2	1	12	4	54	10	34	4	5	4	2	1	2.348878505	1.457943925	2.59	7.971028037	0.457356236	0.440524907	0.831824525	0.897025935	Vierzon131R4
Vierzon131	Vierzon	R5	13	1	63	supra	Vierzon131R5	43	11	0	0	31	8	16	2	25	5	0	0	0	0	43	11	1	1	0	0	20	3	20	5	2	2	1	1	0	0	2.254651163	1.840697674	2.318604651	4.365116279	0.25778557	1.061510396	0.472574385	0.416165958	Vierzon131R5
Vierzon132	Vierzon	R1	13	2	63	intra.sup	Vierzon132R1	27	16	3	2	22	13	7	3	21	12	2	2	0	0	21	13	13	8	4	1	8	5	1	1	5	2	9	7	0	0	2.273703704	1.52962963	2.925555556	4.992592593	0.67800311	0.296126746	0.668027867	0.39752389	Vierzon132R1
Vierzon132	Vierzon	R2	13	2	63	intra.sup	Vierzon132R2	162	37	5	3	148	31	17	7	89	14	9	4	7	3	150	32	26	11	3	1	77	9	25	9	25	8	28	9	0	0	2.284320988	1.530740741	2.683888889	5.017901235	0.545539424	0.331991723	0.716355341	0.556123611	Vierzon132R2
Vierzon132	Vierzon	R3	13	2	63	intra.sup	Vierzon132R3	40	23	2	2	36	19	5	4	12	9	2	2	4	3	37	20	6	5	1	1	6	5	10	5	7	5	13	5	1	1	2.37625	1.47875	2.35775	7.0175	0.673872676	0.548463999	0.679644814	0.848734593	Vierzon132R3
Vierzon132	Vierzon	R4	13	2	63	intra.sup	Vierzon132R4	157	39	7	2	136	35	17	8	22	11	4	2	9	3	152	36	51	8	1	1	17	6	59	10	54	11	19	10	0	0	2.440382166	1.443949045	2.548535032	9.204458599	0.534032315	0.51968825	0.95055158	0.896722074	Vierzon132R4
Vierzon133	Vierzon	R1	13	3	63	intra.inf	Vierzon133R1	6	6	1	1	4	4	0	0	3	3	0	0	1	1	6	6	2	2	0	0	1	1	1	1	0	0	3	3	0	0	2.333333333	1.633333333	2.661666667	3.8	0.300415729	0.591589531	0.883229129	0.267980188	Vierzon133R1
Vierzon133	Vierzon	R3	13	3	63	intra.inf	Vierzon133R3	41	18	0	0	27	16	5	5	30	13	2	2	10	4	38	15	5	4	2	2	20	7	3	1	5	3	3	3	0	0	2.297317073	1.754878049	2.508780488	3.514634146	0.462482804	0.654920421	0.92577041	0.361619094	Vierzon133R3
Vierzon133	Vierzon	R4	13	3	63	intra.inf	Vierzon133R4	71	22	5	3	58	17	4	2	34	9	1	1	4	3	70	21	6	2	0	0	5	4	51	8	11	7	1	1	0	0	2.272394366	1.465492958	2.248873239	5.273239437	0.407193073	0.348594113	0.573229107	0.623181437	Vierzon133R4
Vierzon134	Vierzon	R1	13	4	63	infra	Vierzon134R1	7	6	0	0	5	5	1	1	4	3	0	0	1	1	6	5	2	2	1	1	2	1	0	0	0	0	3	3	0	0	2.201428571	1.642857143	2.662857143	3.528571429	0.582352307	0.740858875	0.814348539	0.313477476	Vierzon134R1
Vierzon134	Vierzon	R3	13	4	63	infra	Vierzon134R3	21	15	0	0	19	13	1	1	9	7	2	2	1	1	19	13	3	3	0	0	6	5	7	5	2	2	5	2	0	0	2.298095238	1.488095238	2.443333333	5.828571429	0.510277862	0.34683171	0.76052096	0.693048198	Vierzon134R3
Vierzon134	Vierzon	R4	13	4	63	infra	Vierzon134R4	65	20	13	4	40	14	2	2	21	6	1	1	0	0	64	19	1	1	0	0	3	3	53	9	7	6	2	2	0	0	2.289384615	1.406923077	2.150307692	4.438461538	0.520519635	0.486891868	0.297473517	0.421615865	Vierzon134R4
Vierzon141	Vierzon	R1	14	1	71	supra	Vierzon141R1	43	20	2	2	36	14	9	5	22	8	0	0	2	2	43	20	12	8	0	0	16	5	5	2	13	6	7	5	0	0	2.087209302	1.574418605	2.85	3.655813953	0.520198237	0.526959415	0.762026197	0.336422247	Vierzon141R1
Vierzon141	Vierzon	R2	14	1	71	supra	Vierzon141R2	61	24	1	1	47	21	15	6	32	10	6	2	0	0	53	21	16	7	2	1	28	7	13	9	12	4	6	3	0	0	2.091311475	1.604918033	2.842131148	3.459016393	0.465935424	0.459962993	0.810908675	0.317812272	Vierzon141R2
Vierzon141	Vierzon	R3	14	1	71	supra	Vierzon141R3	38	25	3	2	29	21	3	3	19	9	2	2	1	1	35	22	6	6	1	1	14	5	10	8	4	4	8	6	1	1	2.160526316	1.496052632	2.546842105	4.126315789	0.635208553	0.450507868	0.649862852	0.42052057	Vierzon141R3
Vierzon141	Vierzon	R4	14	1	71	supra	Vierzon141R4	37	20	1	1	26	16	2	2	15	8	3	2	1	1	34	18	10	3	0	0	12	5	9	6	12	5	3	3	0	0	2.222432432	1.543243243	2.615675676	6.605405405	0.491203314	0.487209866	0.779273062	0.920202892	Vierzon141R4
Vierzon141	Vierzon	R5	14	1	71	supra	Vierzon141R5	26	12	1	1	19	9	7	1	18	7	0	0	1	1	26	12	1	1	0	0	10	2	12	6	1	1	1	1	0	0	2.203846154	1.867307692	2.363461538	3.388461538	0.302694071	1.02891708	0.464434342	0.238358307	Vierzon141R5
Vierzon142	Vierzon	R1	14	2	71	intra.sup	Vierzon142R1	131	20	21	3	103	14	22	6	21	11	1	1	2	1	128	18	46	8	2	1	14	6	7	4	18	4	90	5	0	0	2.243435115	1.747328244	3.315114504	6.980916031	0.191595957	0.653709707	0.386187147	0.662896349	Vierzon142R1
Vierzon142	Vierzon	R2	14	2	71	intra.sup	Vierzon142R2	150	39	10	4	111	32	42	14	83	18	7	4	1	1	136	33	44	17	8	3	53	10	12	7	33	10	44	9	1	1	2.205333333	1.666333333	3.032066667	5.648	0.539495875	0.673508547	0.703738631	0.614534448	Vierzon142R2
Vierzon142	Vierzon	R3	14	2	71	intra.sup	Vierzon142R3	50	24	4	2	44	20	16	8	19	7	4	1	0	0	44	21	12	8	2	2	13	4	8	6	11	6	16	6	1	1	2.2622	1.605	2.911	7.192	0.742983103	0.715393086	0.731022455	0.750572595	Vierzon142R3
Vierzon142	Vierzon	R4	14	2	71	intra.sup	Vierzon142R4	71	24	6	3	53	16	2	2	13	8	0	0	0	0	71	24	29	3	0	0	9	5	15	9	26	8	21	2	0	0	2.242676056	1.418309859	3.054084507	7.011267606	0.503554815	0.435442584	0.713545123	0.658158537	Vierzon142R4
Vierzon142	Vierzon	R5	14	2	71	intra.sup	Vierzon142R5	53	14	1	1	46	10	19	2	26	6	2	2	0	0	51	12	6	2	0	0	25	5	18	4	9	4	1	1	0	0	2.405660377	1.749056604	2.510377358	9.139622642	0.478100835	1.536344554	0.50142435	1.024943079	Vierzon142R5
Vierzon143	Vierzon	R1	14	3	71	intra.inf	Vierzon143R1	99	27	23	2	48	21	25	10	45	13	3	2	2	1	95	24	49	13	1	1	35	7	5	4	13	6	45	9	0	0	2.211010101	1.706060606	3.174949495	3.84040404	0.363386509	0.691298962	0.556117548	0.353470875	Vierzon143R1
Vierzon143	Vierzon	R2	14	3	71	intra.inf	Vierzon143R2	155	38	2	2	68	33	45	17	129	19	6	4	2	2	147	33	16	12	3	2	99	13	5	3	36	10	12	10	0	0	2.287806452	1.714322581	2.979677419	3.424516129	0.567482322	0.431899868	0.755622792	0.370846086	Vierzon143R2
Vierzon143	Vierzon	R3	14	3	71	intra.inf	Vierzon143R3	79	28	0	0	38	24	16	10	54	14	3	3	2	1	74	23	15	7	4	3	46	8	9	6	8	6	12	5	1	1	2.282658228	1.765696203	2.958101266	4.934177215	0.527099566	0.621131523	0.584829047	0.72352376	Vierzon143R3
Vierzon143	Vierzon	R4	14	3	71	intra.inf	Vierzon143R4	39	22	3	3	20	16	6	5	19	6	6	4	0	0	33	18	3	3	0	0	19	6	5	2	10	9	5	5	0	0	2.401282051	1.638205128	2.843076923	5.228205128	0.565396139	0.729605873	0.588319405	0.725589901	Vierzon143R4
Vierzon143	Vierzon	R5	14	3	71	intra.inf	Vierzon143R5	19	9	0	0	10	6	5	3	13	5	1	1	0	0	18	8	1	1	0	0	12	4	4	2	2	2	1	1	0	0	2.391578947	1.802631579	2.678947368	6.436842105	0.581304611	0.964703604	0.537210096	0.986979546	Vierzon143R5
Vierzon144	Vierzon	R1	14	4	71	infra	Vierzon144R1	69	27	3	3	57	21	32	8	40	15	8	3	3	2	58	23	17	7	3	1	20	8	9	5	16	5	20	7	0	0	2.521594203	1.83115942	2.861594203	5.046376812	0.48580767	0.823589413	0.827055965	0.46582975	Vierzon144R1
Vierzon144	Vierzon	R2	14	4	71	infra	Vierzon144R2	96	19	0	0	56	16	42	6	81	11	3	3	1	1	93	16	5	2	0	0	46	9	7	4	40	4	3	2	0	0	2.397083333	1.67	3.255208333	3.163541667	0.616995992	0.433608236	1.027917946	0.256524807	Vierzon144R2
Vierzon144	Vierzon	R3	14	4	71	infra	Vierzon144R3	10	8	0	0	8	6	3	3	5	5	0	0	0	0	10	8	2	2	0	0	3	3	4	2	3	3	0	0	0	0	2.352	1.7	2.8	2.82	0.277228712	0.580833358	0.788838229	0.175840617	Vierzon144R3
Vierzon144	Vierzon	R4	14	4	71	infra	Vierzon144R4	19	12	1	1	12	9	5	4	13	7	5	3	0	0	14	9	0	0	0	0	13	7	3	2	3	3	0	0	0	0	2.481578947	1.662105263	3.097894737	4.268421053	0.650152568	0.906647084	0.636045996	0.510500126	Vierzon144R4
Vierzon144	Vierzon	R5	14	4	71	infra	Vierzon144R5	9	6	0	0	9	6	3	2	5	3	0	0	0	0	9	6	0	0	0	0	3	2	3	2	1	1	2	1	0	0	2.233333333	1.833333333	2.665555556	3.888888889	0.423120745	1.003909508	0.797977666	0.28719705	Vierzon144R5
Vierzon151	Vierzon	R1	15	1	170	supra	Vierzon151R1	23	16	2	2	17	12	8	4	7	6	0	0	0	0	22	15	9	5	1	1	5	4	7	5	8	4	2	2	0	0	2.139565217	1.52173913	2.890434783	3.691304348	0.403556409	0.196722073	0.959865974	0.281894938	Vierzon151R1
Vierzon151	Vierzon	R3	15	1	170	supra	Vierzon151R3	25	15	1	1	20	11	3	3	6	5	0	0	2	1	23	13	11	5	2	2	4	3	6	4	2	2	11	4	2	2	2.4148	1.556	2.92	5.192	0.392304015	0.39961335	0.834954926	0.562142611	Vierzon151R3
Vierzon151	Vierzon	R4	15	1	170	supra	Vierzon151R4	45	19	1	1	40	15	1	1	13	8	2	2	1	1	42	16	24	4	1	1	9	5	7	5	4	3	24	5	1	1	2.331555556	1.466666667	3.004444444	6.648888889	0.426430489	0.401563803	0.641738253	0.576083494	Vierzon151R4
Vierzon151	Vierzon	R5	15	1	170	supra	Vierzon151R5	27	11	1	1	20	7	14	1	23	7	1	1	0	0	26	10	1	1	0	0	22	6	3	3	2	2	0	0	0	0	2.091481481	2.164814815	2.622222222	3.185185185	0.342292494	1.212393361	0.349595923	0.18020207	Vierzon151R5
Vierzon152	Vierzon	R1	15	2	170	intra.sup	Vierzon152R1	31	16	1	1	25	12	6	4	10	6	0	0	1	1	30	15	8	6	1	1	6	3	1	1	8	4	14	6	0	0	2.168387097	1.675806452	3.037741935	6.54516129	0.411426586	0.59156155	0.670092598	0.692072022	Vierzon152R1
Vierzon152	Vierzon	R2	15	2	170	intra.sup	Vierzon152R2	90	40	13	6	75	33	25	11	18	14	1	1	2	1	88	38	37	17	1	1	6	4	26	9	30	11	25	14	1	1	2.185	1.467777778	2.741	8.762222222	0.772054319	0.518806092	0.937463442	0.809642271	Vierzon152R2
Vierzon152	Vierzon	R3	15	2	170	intra.sup	Vierzon152R3	70	32	13	3	50	24	5	4	20	10	1	1	0	0	69	31	14	7	1	1	17	8	23	9	15	8	15	7	0	0	2.095428571	1.385714286	2.518714286	7.074285714	0.582725344	0.666772988	0.832131455	0.723902574	Vierzon152R3
Vierzon152	Vierzon	R4	15	2	170	intra.sup	Vierzon152R4	66	22	3	2	51	17	2	2	10	7	3	2	0	0	63	20	25	4	0	0	8	5	26	9	7	5	25	3	0	0	2.322727273	1.374242424	2.686363636	7.240909091	0.442703193	0.439136331	0.8949862	0.630227014	Vierzon152R4
Vierzon152	Vierzon	R5	15	2	170	intra.sup	Vierzon152R5	25	17	0	0	20	15	4	2	9	4	0	0	2	2	25	17	0	0	0	0	7	2	12	10	4	3	1	1	0	0	2.0332	1.6	2.3016	5.468	0.565140377	0.774444478	0.590526726	0.598323357	Vierzon152R5
Vierzon153	Vierzon	R1	15	3	170	intra.inf	Vierzon153R1	22	16	2	2	13	12	6	5	14	9	1	1	3	3	20	14	8	7	1	1	10	5	1	1	4	3	6	6	0	0	2.210909091	1.695454545	2.921818182	3.327272727	0.309472611	0.627036012	0.740996419	0.267179122	Vierzon153R1
Vierzon153	Vierzon	R2	15	3	170	intra.inf	Vierzon153R2	56	33	2	2	40	28	14	10	27	13	7	4	3	3	49	29	16	12	0	0	23	9	8	5	19	13	5	5	0	0	2.129285714	1.605357143	2.623392857	4.705357143	0.494695073	0.518909904	0.933533389	0.569476081	Vierzon153R2
Vierzon153	Vierzon	R3	15	3	170	intra.inf	Vierzon153R3	30	22	1	1	19	18	8	7	16	9	0	0	1	1	29	21	8	7	2	2	10	3	7	7	7	6	4	4	0	0	2.212666667	1.631666667	2.951333333	4.603333333	0.496743754	0.613370782	0.61596804	0.496846672	Vierzon153R3
Vierzon153	Vierzon	R5	15	3	170	intra.inf	Vierzon153R5	19	12	2	1	10	6	4	1	12	7	1	1	0	0	17	10	0	0	0	0	10	6	7	4	1	1	0	0	1	1	2.151578947	2.002631579	2.573684211	3.973684211	0.409852804	1.11621369	0.522418329	0.381903751	Vierzon153R5
Vierzon154	Vierzon	R1	15	4	170	infra	Vierzon154R1	19	13	0	0	15	11	5	3	12	7	2	1	1	1	14	11	5	3	3	1	8	5	1	1	0	0	7	6	0	0	2.383157895	1.707894737	2.703684211	4.189473684	0.516887115	0.809841524	0.744698251	0.338027464	Vierzon154R1
Vierzon154	Vierzon	R2	15	4	170	infra	Vierzon154R2	26	17	2	2	21	13	8	6	9	6	0	0	4	2	26	17	7	7	1	1	5	2	9	4	8	7	3	3	0	0	2.171153846	1.648076923	2.476538462	6.242307692	0.735516549	0.617565053	0.968508075	0.617353075	Vierzon154R2
Vierzon154	Vierzon	R3	15	4	170	infra	Vierzon154R3	22	18	0	0	18	15	4	3	9	7	0	0	0	0	21	17	5	4	1	1	5	4	4	4	7	6	5	3	1	1	2.251363636	1.579545455	2.631818182	5.363636364	0.613018035	0.447025673	0.715119717	0.551887456	Vierzon154R3
Vierzon154	Vierzon	R4	15	4	170	infra	Vierzon154R4	11	9	0	0	6	6	1	1	6	4	0	0	0	0	11	9	0	0	0	0	6	4	1	1	3	3	1	1	0	0	2.271818182	1.756363636	2.840909091	3.390909091	0.544461983	0.610835081	0.466382424	0.454345872	Vierzon154R4
Vierzon154	Vierzon	R5	15	4	170	infra	Vierzon154R5	13	9	0	0	12	8	0	0	7	5	3	2	0	0	10	7	0	0	0	0	4	3	5	4	2	1	2	1	0	0	2.258461538	1.55	2.269230769	4.884615385	0.263786992	0.409561983	0.402138742	0.548578353	Vierzon154R5
Vierzon161	Vierzon	R1	16	1	179	supra	Vierzon161R1	17	13	0	0	14	11	3	3	10	7	0	0	0	0	16	12	2	2	1	1	6	4	5	4	3	3	2	1	0	0	2.3	1.708823529	2.792352941	4.152941176	0.253872447	0.592054764	0.720515642	0.435381491	Vierzon161R1
Vierzon161	Vierzon	R2	16	1	179	supra	Vierzon161R2	103	28	19	4	80	21	13	6	21	6	5	1	0	0	98	27	64	10	0	0	21	6	46	8	13	5	23	9	0	0	2.016213592	1.421359223	2.461067961	9.826213592	0.471103411	0.438859779	0.909023139	1.314022644	Vierzon161R2
Vierzon161	Vierzon	R3	16	1	179	supra	Vierzon161R3	53	23	8	2	38	18	7	4	31	10	1	1	1	1	52	22	6	4	0	0	28	7	11	6	3	2	11	8	0	0	2.312264151	1.462264151	2.472641509	4.533962264	0.50028869	0.617053594	0.863170522	0.602387587	Vierzon161R3
Vierzon161	Vierzon	R4	16	1	179	supra	Vierzon161R4	45	13	1	1	35	9	0	0	6	4	0	0	0	0	44	12	24	4	1	1	3	3	16	5	19	3	6	1	1	1	2.407333333	1.478888889	2.842222222	7.906666667	0.239392315	0.204845345	0.823088641	0.793170675	Vierzon161R4
Vierzon161	Vierzon	R5	16	1	179	supra	Vierzon161R5	49	13	2	2	43	10	21	2	21	2	0	0	0	0	49	13	4	1	0	0	21	2	20	8	8	3	0	0	0	0	2.314285714	1.812244898	2.459183673	8.014285714	0.383399206	1.556307623	0.479676724	0.870615618	Vierzon161R5
Vierzon162	Vierzon	R1	16	2	179	intra.sup	Vierzon162R1	23	13	4	1	10	9	2	2	8	3	0	0	0	0	22	12	7	4	1	1	7	2	5	4	3	2	7	4	0	0	2.035217391	1.593478261	2.717391304	3.87826087	0.316644689	0.421351231	0.730911327	0.391639308	Vierzon162R1
Vierzon162	Vierzon	R2	16	2	179	intra.sup	Vierzon162R2	160	45	44	5	112	37	44	14	45	16	5	2	4	2	150	42	78	19	5	1	25	9	26	11	46	11	57	12	0	0	2.2108125	1.4503125	2.918625	8.079375	0.617705381	0.598105209	0.873359591	0.834684342	Vierzon162R2
Vierzon162	Vierzon	R3	16	2	179	intra.sup	Vierzon162R3	126	39	8	4	114	33	26	9	56	13	6	3	4	3	117	35	26	10	5	2	45	9	23	10	31	10	21	7	0	0	2.284920635	1.476190476	2.815793651	7.518253968	0.679756429	0.42366152	0.805206045	0.896835709	Vierzon162R3
Vierzon162	Vierzon	R4	16	2	179	intra.sup	Vierzon162R4	335	25	6	2	303	20	16	3	41	7	1	1	5	1	334	24	156	5	0	0	10	5	159	9	150	6	11	4	0	0	2.60241791	1.362238806	2.733731343	11.80656716	0.359330236	0.502448674	0.938640308	0.77651217	Vierzon162R4
Vierzon162	Vierzon	R5	16	2	179	intra.sup	Vierzon162R5	45	10	0	0	33	9	7	2	8	3	0	0	0	0	45	10	6	4	0	0	5	1	27	3	11	5	2	1	0	0	2.576	1.486666667	2.420222222	8.682222222	0.356098419	0.626009286	0.611976653	1.040413547	Vierzon162R5
Vierzon163	Vierzon	R1	16	3	179	intra.inf	Vierzon163R1	20	9	3	1	6	6	2	2	13	4	0	0	1	1	20	9	5	3	0	0	13	4	2	2	1	1	4	2	0	0	2.072	1.7825	2.8975	2.3	0.164001601	0.631656277	0.514261846	0.150525042	Vierzon163R1
Vierzon163	Vierzon	R2	16	3	179	intra.inf	Vierzon163R2	78	34	24	4	44	28	19	12	30	14	3	2	6	2	72	29	41	16	6	4	21	7	7	5	13	11	32	8	2	2	2.146025641	1.591025641	3.004615385	4.708974359	0.552961229	0.582599535	0.765715252	0.419502747	Vierzon163R2
Vierzon163	Vierzon	R5	16	3	179	intra.inf	Vierzon163R5	22	13	0	0	16	9	5	4	11	6	1	1	0	0	19	11	2	2	0	0	8	5	9	4	3	3	0	0	2	1	2.411818182	1.754545455	2.590454545	4.954545455	0.401789864	0.862049509	0.671390096	0.632606651	Vierzon163R5
Vierzon164	Vierzon	R1	16	4	179	infra	Vierzon164R1	35	14	1	1	23	11	10	3	23	5	0	0	0	0	35	14	5	3	0	0	23	5	1	1	2	2	9	6	0	0	2.135714286	1.786	3.126285714	3.542857143	0.275529321	0.789933367	0.608581883	0.394604609	Vierzon164R1
Vierzon164	Vierzon	R2	16	4	179	infra	Vierzon164R2	59	34	10	4	39	28	21	16	30	13	4	3	4	3	54	30	18	15	3	2	26	10	7	3	10	10	12	8	1	1	2.225762712	1.700677966	2.769661017	4.496610169	0.567993107	0.855148222	0.953606459	0.471179429	Vierzon164R2
Vierzon164	Vierzon	R3	16	4	179	infra	Vierzon164R3	60	32	8	3	38	25	11	8	22	10	2	2	1	1	54	29	8	7	4	1	21	9	15	6	12	10	12	7	4	1	2.395833333	1.639166667	2.684666667	6.201666667	0.684715145	0.818746466	0.774275062	0.8368109	Vierzon164R3
Vierzon164	Vierzon	R4	16	4	179	infra	Vierzon164R4	86	27	2	2	73	22	5	5	47	8	2	2	5	2	84	25	10	4	0	0	10	6	53	8	13	6	5	5	0	0	2.384534884	1.536627907	2.29872093	4.989534884	0.35859998	0.31370839	0.683549313	0.680934504	Vierzon164R4
Vierzon164	Vierzon	R5	16	4	179	infra	Vierzon164R5	20	13	0	0	14	9	3	1	12	8	0	0	0	0	19	12	2	2	0	0	8	5	7	3	4	4	0	0	1	1	2.3005	1.8025	2.6275	3.275	0.329526436	0.964425388	0.619844809	0.236050634	Vierzon164R5
Vierzon171	Vierzon	R2	17	1	236	supra	Vierzon171R2	121	31	11	3	104	27	28	11	24	7	0	0	0	0	112	30	44	14	9	1	9	2	17	7	27	11	59	10	0	0	2.330165289	1.684297521	3.079586777	9.241322314	0.429576941	0.767845751	0.76354922	0.753992123	Vierzon171R2
Vierzon171	Vierzon	R3	17	1	236	supra	Vierzon171R3	500	38	10	4	483	32	13	11	436	11	1	1	3	2	498	36	20	12	1	1	28	5	429	9	12	7	30	16	0	0	2.3	1.5018	2.13174	3.0696	0.080477566	0.09638736	0.321524928	0.183693098	Vierzon171R3
Vierzon171	Vierzon	R4	17	1	236	supra	Vierzon171R4	55	16	3	1	34	12	1	1	10	5	0	0	2	2	55	16	23	4	0	0	7	3	23	7	12	3	13	3	0	0	2.333818182	1.501818182	2.69	6.367272727	0.352987607	0.214492319	0.893648903	0.735944185	Vierzon171R4
Vierzon171	Vierzon	R5	17	1	236	supra	Vierzon171R5	30	11	0	0	29	10	11	1	20	5	4	2	0	0	26	9	1	1	0	0	15	3	11	5	2	2	2	1	0	0	2.272333333	1.863333333	2.408666667	4.763333333	0.227667169	1.32946302	0.396765403	0.387944085	Vierzon171R5
Vierzon172	Vierzon	R2	17	2	236	intra.sup	Vierzon172R2	72	23	3	1	53	20	21	6	34	10	2	2	0	0	65	20	30	10	5	1	25	6	7	3	18	6	17	7	0	0	2.224861111	1.601388889	3.075	4.419444444	0.353682909	0.501861384	0.668152722	0.476818374	Vierzon172R2
Vierzon172	Vierzon	R3	17	2	236	intra.sup	Vierzon172R3	383	36	5	3	368	29	13	10	338	13	1	1	1	1	380	33	18	10	2	2	17	6	321	7	20	9	23	12	1	1	2.292454308	1.518798956	2.172349869	3.553263708	0.13495016	0.155586845	0.36627226	0.322990308	Vierzon172R3
Vierzon172	Vierzon	R4	17	2	236	intra.sup	Vierzon172R4	40	18	3	2	29	14	8	4	9	6	2	1	1	1	38	17	12	3	0	0	7	5	17	8	8	2	8	3	0	0	2.54175	1.4075	2.68725	8.9475	0.319514341	0.451053405	0.883362287	0.937830879	Vierzon172R4
Vierzon172	Vierzon	R5	17	2	236	intra.sup	Vierzon172R5	27	13	0	0	23	10	9	4	8	4	1	1	1	1	26	12	1	1	0	0	8	4	8	3	8	4	2	1	0	0	2.419259259	1.646296296	2.630740741	7.185185185	0.344974	1.000257721	0.624944331	0.757411827	Vierzon172R5
Vierzon173	Vierzon	R2	17	3	236	intra.inf	Vierzon173R2	168	51	17	4	112	44	48	13	92	23	6	5	5	4	156	45	59	19	7	2	55	12	18	10	44	13	43	13	0	0	2.216547619	1.57202381	2.988571429	4.971428571	0.537613405	0.538957682	0.843408828	0.527116914	Vierzon173R2
Vierzon173	Vierzon	R3	17	3	236	intra.inf	Vierzon173R3	292	22	3	2	279	17	6	3	271	12	2	2	1	1	290	20	4	2	0	0	17	8	261	6	9	4	5	4	0	0	2.300958904	1.515958904	2.085616438	2.769178082	0.098086757	0.111138378	0.194707324	0.10342514	Vierzon173R3
Vierzon173	Vierzon	R4	17	3	236	intra.inf	Vierzon173R4	51	25	10	2	30	20	5	3	24	9	2	2	1	1	47	21	5	3	2	2	14	5	20	7	11	7	3	3	2	2	2.458431373	1.490196078	2.596666667	5.237254902	0.552428787	0.597358413	0.748147027	0.566435239	Vierzon173R4
Vierzon173	Vierzon	R5	17	3	236	intra.inf	Vierzon173R5	8	8	0	0	8	8	0	0	3	3	2	2	0	0	5	5	0	0	0	0	2	2	1	1	1	1	3	3	1	1	2.2475	1.82125	2.6225	4.55	0.504571488	0.837973126	0.527914815	0.241609797	Vierzon173R5
Vierzon174	Vierzon	R1	17	4	236	infra	Vierzon174R1	34	19	0	0	24	16	8	4	27	13	0	0	3	2	32	18	6	5	2	1	18	7	1	1	7	5	5	4	0	0	2.214705882	1.783823529	2.796764706	3.494117647	0.492064537	0.625132788	0.557645849	0.290668638	Vierzon174R1
Vierzon174	Vierzon	R2	17	4	236	infra	Vierzon174R2	42	22	2	2	29	18	13	8	27	12	3	2	2	2	36	18	5	4	2	1	21	9	7	4	6	3	6	5	0	0	2.406904762	1.691190476	2.713809524	4.688095238	0.469592067	0.747773558	0.75598029	0.526729043	Vierzon174R2
Vierzon174	Vierzon	R3	17	4	236	infra	Vierzon174R3	255	25	0	0	244	22	6	6	228	11	3	3	0	0	252	22	4	4	0	0	19	7	221	5	7	6	8	7	0	0	2.296509804	1.529294118	2.129764706	2.857647059	0.099715553	0.153774571	0.283903936	0.128349548	Vierzon174R3
Vierzon174	Vierzon	R4	17	4	236	infra	Vierzon174R4	25	14	0	0	20	11	1	1	12	7	4	3	0	0	20	10	2	1	0	0	8	5	5	4	10	3	1	1	1	1	2.472	1.6396	2.5848	5.056	0.676722395	0.749894588	0.713828209	0.468543403	Vierzon174R4
Vierzon174	Vierzon	R5	17	4	236	infra	Vierzon174R5	6	5	1	1	3	2	0	0	3	3	1	1	0	0	5	4	0	0	0	0	3	3	1	1	2	1	0	0	0	0	2.548333333	1.508333333	2.333333333	4.933333333	0.573328609	0.591589531	0.404532425	0.484645021	Vierzon174R5
Vierzon181	Vierzon	R1	18	1	249	supra	Vierzon181R1	17	11	1	1	10	7	5	2	9	6	0	0	0	0	16	10	6	3	1	1	7	4	2	2	4	1	3	3	0	0	2.254117647	1.611764706	3.057647059	3.111764706	0.227694596	0.378513088	0.713376835	0.244561762	Vierzon181R1
Vierzon181	Vierzon	R2	18	1	249	supra	Vierzon181R2	65	20	8	2	51	17	19	5	32	9	7	3	0	0	52	16	24	8	6	1	24	6	18	6	13	4	4	3	0	0	2.112307692	1.466153846	2.721538462	3.255384615	0.550587747	0.346896136	0.992880555	0.251706372	Vierzon181R2
Vierzon181	Vierzon	R3	18	1	249	supra	Vierzon181R3	31	13	5	2	22	10	1	1	17	4	0	0	2	1	31	13	4	2	0	0	16	3	8	6	1	1	6	3	0	0	2.273225806	1.458064516	2.390322581	3.441935484	0.478157262	0.421068928	0.811506357	0.373535915	Vierzon181R3
Vierzon181	Vierzon	R4	18	1	249	supra	Vierzon181R4	39	13	0	0	23	10	0	0	14	6	1	1	0	0	38	12	15	3	0	0	12	4	10	4	4	3	13	2	0	0	2.291538462	1.502564103	2.784102564	5.464102564	0.35822554	0.369465006	0.756036793	0.6237689	Vierzon181R4
Vierzon181	Vierzon	R5	18	1	249	supra	Vierzon181R5	23	7	0	0	20	6	8	1	20	4	0	0	1	1	23	7	0	0	0	0	11	2	9	2	1	1	1	1	0	0	2.174347826	1.954347826	2.294347826	3.365217391	0.153667216	1.106218541	0.454146913	0.188123968	Vierzon181R5
Vierzon182	Vierzon	R1	18	2	249	intra.sup	Vierzon182R1	47	23	9	2	35	20	10	5	17	12	4	3	2	2	42	19	18	6	1	1	11	7	3	3	12	7	20	5	0	0	2.084042553	1.614893617	2.99787234	5.112765957	0.427422824	0.580000716	0.79198622	0.536507575	Vierzon182R1
Vierzon182	Vierzon	R2	18	2	249	intra.sup	Vierzon182R2	186	48	45	6	139	41	59	14	39	15	5	3	1	1	177	42	85	22	4	3	27	9	42	11	79	15	34	10	2	2	2.170806452	1.373655914	2.790107527	10.18333333	0.862246109	0.612589813	1.087538349	1.042094086	Vierzon182R2
Vierzon182	Vierzon	R3	18	2	249	intra.sup	Vierzon182R3	102	40	12	4	85	32	26	12	51	12	6	3	0	0	90	35	27	12	6	2	42	8	19	9	11	8	24	13	1	1	2.268039216	1.442156863	2.786470588	6.691176471	0.644568576	0.550556033	0.789146178	0.762282597	Vierzon182R3
Vierzon182	Vierzon	R4	18	2	249	intra.sup	Vierzon182R4	62	19	4	4	36	11	1	1	8	5	0	0	0	0	62	19	20	2	0	0	8	5	25	6	4	4	25	4	0	0	2.413709677	1.415322581	2.662903226	6.211290323	0.286101831	0.289296011	0.810874933	0.653581056	Vierzon182R4
Vierzon182	Vierzon	R5	18	2	249	intra.sup	Vierzon182R5	24	10	2	2	21	7	13	2	11	1	0	0	0	0	24	10	5	2	0	0	11	1	5	5	8	4	0	0	0	0	2.314583333	1.9125	2.702083333	8.054166667	0.472705207	1.525191761	0.564870538	0.876815496	Vierzon182R5
Vierzon183	Vierzon	R1	18	3	249	intra.inf	Vierzon183R1	15	10	0	0	14	9	3	2	5	4	0	0	0	0	13	9	3	2	2	1	2	2	3	3	1	1	7	3	0	0	2.208666667	1.646666667	2.91	7.64	0.462837679	0.684092622	0.724922106	0.556030382	Vierzon183R1
Vierzon183	Vierzon	R2	18	3	249	intra.inf	Vierzon183R2	53	25	8	3	36	20	23	10	17	9	4	3	1	1	47	20	26	10	3	3	14	6	7	4	19	7	11	6	1	1	2.266792453	1.48490566	3.187169811	7.439622642	0.661170976	0.562430308	0.81238867	0.950579353	Vierzon183R2
Vierzon183	Vierzon	R4	18	3	249	intra.inf	Vierzon183R4	34	15	1	1	22	12	9	4	5	3	0	0	0	0	33	14	8	4	0	0	4	2	12	4	8	6	9	2	1	1	2.440882353	1.558823529	2.784705882	6.547058824	0.424643394	0.470629105	0.777122186	0.736999772	Vierzon183R4
Vierzon183	Vierzon	R5	18	3	249	intra.inf	Vierzon183R5	19	9	0	0	18	8	9	2	9	5	1	1	0	0	16	7	5	1	0	0	6	3	3	2	7	2	1	1	2	1	2.545263158	1.818421053	2.946315789	9.347368421	0.692558409	1.143700033	0.700457419	1.274118099	Vierzon183R5
Vierzon184	Vierzon	R1	18	4	249	infra	Vierzon184R1	58	27	5	1	41	23	15	10	28	11	4	3	2	2	51	23	18	9	3	1	24	9	4	2	10	7	17	8	0	0	2.248793103	1.728448276	3.018793103	4.306896552	0.316125533	0.673236049	0.650010493	0.471173808	Vierzon184R1
Vierzon184	Vierzon	R2	18	4	249	infra	Vierzon184R2	75	26	7	2	53	22	20	10	32	11	3	2	0	0	70	23	24	11	2	1	25	7	18	5	24	11	6	2	0	0	1.980533333	1.7	2.746666667	4.469333333	0.629378004	0.755083366	0.889216209	0.484477771	Vierzon184R2
Vierzon184	Vierzon	R3	18	4	249	infra	Vierzon184R3	47	26	3	3	30	18	11	5	27	11	4	3	3	1	43	23	9	6	3	1	22	9	6	6	7	5	9	5	0	0	2.377234043	1.599574468	2.749574468	5.178723404	0.637876072	0.575399275	0.771570976	0.645766615	Vierzon184R3
Vierzon184	Vierzon	R4	18	4	249	infra	Vierzon184R4	35	17	3	1	26	13	3	3	10	6	2	2	0	0	33	15	6	3	0	0	10	6	6	4	14	5	5	2	0	0	2.570857143	1.504	2.622571429	4.3	0.558187795	0.526622245	0.889660919	0.467214091	Vierzon184R4
Vierzon184	Vierzon	R5	18	4	249	infra	Vierzon184R5	18	9	1	1	17	8	5	2	13	5	2	2	0	0	16	7	1	1	0	0	6	3	9	3	3	3	0	0	0	0	2.366111111	1.727777778	2.369444444	5.111111111	0.291874958	0.950128641	0.531885226	0.542717954	Vierzon184R5
Vierzon191	Vierzon	R1	19	1	270	supra	Vierzon191R1	63	18	7	1	52	14	12	5	10	7	2	2	1	1	58	15	26	11	3	1	5	4	2	1	11	5	41	6	0	0	2.196825397	1.815873016	3.284444444	7.836507937	0.366141764	0.662931497	0.420628107	0.644684974	Vierzon191R1
Vierzon191	Vierzon	R2	19	1	270	supra	Vierzon191R2	78	30	16	3	58	25	30	10	18	9	2	2	0	0	73	27	43	11	3	1	14	7	17	10	27	8	17	4	0	0	2.155512821	1.553205128	2.928717949	5.047435897	0.548525555	0.469031211	1.064821899	0.566448197	Vierzon191R2
Vierzon191	Vierzon	R3	19	1	270	supra	Vierzon191R3	52	24	2	2	49	21	10	4	19	6	0	0	0	0	51	23	17	6	2	2	14	2	16	12	11	3	10	6	0	0	2.399230769	1.399038462	2.831346154	7.623076923	0.553111449	0.408577459	0.814959295	0.939415126	Vierzon191R3
Vierzon191	Vierzon	R4	19	1	270	supra	Vierzon191R4	149	25	5	3	124	19	7	2	10	7	2	1	0	0	146	23	99	6	1	1	8	5	36	8	80	7	24	4	1	1	2.491342282	1.403355705	3.036107383	10.42348993	0.215413647	0.330737431	0.791649603	0.707078334	Vierzon191R4
Vierzon191	Vierzon	R5	19	1	270	supra	Vierzon191R5	33	16	1	1	30	14	18	3	23	7	1	1	0	0	31	14	2	2	1	1	18	3	6	5	4	4	3	2	0	0	2.128787879	2.093939394	2.527575758	4.375757576	0.274853641	1.320520284	0.404398696	0.248487579	Vierzon191R5
Vierzon192	Vierzon	R1	19	2	270	intra.sup	Vierzon192R1	26	14	3	1	19	10	7	4	9	5	0	0	0	0	22	13	12	7	4	1	5	4	1	1	5	5	11	3	0	0	2.261153846	1.692307692	3.232692308	5.830769231	0.366199738	0.53701309	0.523857522	0.598982785	Vierzon192R1
Vierzon192	Vierzon	R2	19	2	270	intra.sup	Vierzon192R2	43	20	2	2	31	15	24	9	19	8	1	1	1	1	37	18	24	9	6	2	12	5	2	2	19	7	4	4	0	0	2.631395349	1.491860465	3.324651163	8.579069767	0.662553538	0.546330998	0.745039773	1.183944322	Vierzon192R2
Vierzon192	Vierzon	R3	19	2	270	intra.sup	Vierzon192R3	48	27	7	4	37	21	12	9	28	13	4	2	2	2	41	24	12	7	4	2	21	8	3	3	9	6	10	7	0	0	2.362291667	1.48125	2.821875	5.779166667	0.547114957	0.518061003	0.767379048	0.775521123	Vierzon192R3
Vierzon192	Vierzon	R4	19	2	270	intra.sup	Vierzon192R4	43	14	1	1	32	10	2	1	5	5	1	1	0	0	42	13	22	2	0	0	4	4	11	4	24	4	4	2	0	0	2.436976744	1.484883721	2.877906977	8.960465116	0.255753492	0.256542587	0.806986398	0.776233788	Vierzon192R4
Vierzon192	Vierzon	R5	19	2	270	intra.sup	Vierzon192R5	11	7	0	0	9	5	4	1	8	4	0	0	1	1	11	7	0	0	0	0	5	2	4	3	0	0	2	2	0	0	2.106363636	1.936363636	2.361818182	3.1	0.258278498	1.196068692	0.454346749	0.180381249	Vierzon192R5
Vierzon193	Vierzon	R1	19	3	270	intra.inf	Vierzon193R1	22	12	6	1	13	10	9	6	9	6	1	1	2	1	20	10	11	4	1	1	7	4	1	1	5	3	8	3	0	0	2.192727273	1.695454545	3.117272727	3.736363636	0.360037288	0.646037103	0.727355987	0.24229895	Vierzon193R1
Vierzon193	Vierzon	R2	19	3	270	intra.inf	Vierzon193R2	26	13	1	1	16	10	14	8	16	7	0	0	4	2	26	13	8	4	2	2	13	4	1	1	7	3	4	4	0	0	2.386153846	1.796923077	2.926538462	4.030769231	0.549205719	0.577253271	0.914398871	0.386231549	Vierzon193R2
Vierzon193	Vierzon	R3	19	3	270	intra.inf	Vierzon193R3	34	17	1	1	22	13	18	9	23	9	1	1	8	1	32	15	2	2	9	2	13	6	6	5	3	3	3	1	0	0	2.568529412	1.703529412	3.189411765	3.885294118	0.640478896	0.693884834	0.782245331	0.350506959	Vierzon193R3
Vierzon193	Vierzon	R4	19	3	270	intra.inf	Vierzon193R4	32	12	6	1	12	7	4	2	17	5	0	0	2	1	31	11	6	3	0	0	13	3	10	4	6	3	0	0	1	1	2.5321875	1.628125	2.69625	6.784375	0.600071163	0.899989188	0.793958093	0.965403528	Vierzon193R4
Vierzon194	Vierzon	R1	19	4	270	infra	Vierzon194R1	30	13	4	1	17	11	12	6	15	4	0	0	0	0	26	12	13	7	4	1	9	1	0	0	7	5	10	6	0	0	2.243	1.813333333	3.195	4.466666667	0.495897513	0.737873488	0.442963006	0.418885344	Vierzon194R1
Vierzon194	Vierzon	R2	19	4	270	infra	Vierzon194R2	22	16	1	1	18	13	7	5	7	5	0	0	0	0	20	15	7	5	2	1	3	2	7	4	7	6	3	3	0	0	2.025909091	1.597727273	2.797272727	4.290909091	0.679108796	0.564532422	0.972783469	0.358359299	Vierzon194R2
Vierzon194	Vierzon	R3	19	4	270	infra	Vierzon194R3	27	14	0	0	17	11	10	7	18	7	0	0	4	2	27	14	0	0	3	1	12	5	6	4	3	2	3	2	0	0	2.491481481	1.704444444	2.812592593	3.833333333	0.518958464	0.621467791	0.870959976	0.421503905	Vierzon194R3
Vierzon194	Vierzon	R4	19	4	270	infra	Vierzon194R4	28	15	3	3	13	10	4	2	17	6	2	2	0	0	26	13	0	0	0	0	16	6	9	6	3	3	0	0	0	0	2.298214286	1.769285714	2.773928571	3.032142857	0.40360538	0.928296171	0.64902687	0.271369212	Vierzon194R4
Vierzon194	Vierzon	R5	19	4	270	infra	Vierzon194R5	7	6	0	0	6	5	2	1	5	4	0	0	0	0	7	6	0	0	0	0	4	3	2	2	0	0	1	1	0	0	2.298571429	1.885714286	2.635714286	4.8	0.327443646	1.145861727	0.599368451	0.620671439	Vierzon194R5
Vierzon201	Vierzon	R1	20	1	290	supra	Vierzon201R1	25	13	3	1	19	11	4	3	14	5	1	1	0	0	22	11	8	5	2	1	11	3	4	3	4	4	4	2	0	0	2.1624	1.482	2.8692	3.884	0.530491865	0.218393343	0.675925139	0.329950892	Vierzon201R1
Vierzon201	Vierzon	R2	20	1	290	supra	Vierzon201R2	81	31	6	2	72	26	22	6	30	10	6	1	0	0	68	28	37	13	7	2	20	5	24	9	20	8	10	7	1	1	2.251728395	1.419753086	2.762345679	7.425925926	0.709484686	0.448837849	0.934752909	0.948172612	Vierzon201R2
Vierzon201	Vierzon	R3	20	1	290	supra	Vierzon201R3	31	21	1	1	29	19	6	6	14	6	2	1	0	0	29	20	6	6	0	0	13	5	9	7	3	3	6	6	0	0	2.196774194	1.408064516	2.599032258	5.538709677	0.679828673	0.517270082	0.879700169	0.640881262	Vierzon201R3
Vierzon201	Vierzon	R4	20	1	290	supra	Vierzon201R4	43	19	2	2	35	14	2	2	9	8	2	2	0	0	40	16	16	5	1	1	6	5	8	3	4	3	24	7	1	1	2.521627907	1.41744186	2.654186047	7.497674419	0.340194571	0.325128462	0.832374145	0.660799679	Vierzon201R4
Vierzon201	Vierzon	R5	20	1	290	supra	Vierzon201R5	16	9	1	1	14	7	4	1	10	5	1	1	0	0	15	8	3	2	0	0	6	3	3	2	4	3	3	1	0	0	2.1525	1.684375	2.493125	4.48125	0.296316747	1.127822585	0.525734132	0.299606839	Vierzon201R5
Vierzon202	Vierzon	R1	20	2	290	intra.sup	Vierzon202R1	24	18	3	3	18	13	7	5	10	8	0	0	0	0	22	17	14	9	2	1	3	2	4	4	6	5	9	6	0	0	2.070416667	1.497916667	3.022916667	5.4375	0.471382955	0.561337794	0.703507171	0.469499864	Vierzon202R1
Vierzon202	Vierzon	R2	20	2	290	intra.sup	Vierzon202R2	86	33	19	4	64	26	22	10	47	10	6	3	1	1	74	29	25	14	6	1	39	8	14	7	16	9	10	7	0	0	2.075581395	1.484302326	2.485697674	4.425581395	0.639795638	0.555853178	0.992107569	0.493902199	Vierzon202R2
Vierzon202	Vierzon	R3	20	2	290	intra.sup	Vierzon202R3	52	21	5	2	46	18	7	5	23	8	2	1	0	0	49	19	6	4	1	1	20	5	11	6	4	3	16	6	0	0	2.273653846	1.379807692	2.438269231	6.415384615	0.593774229	0.60100715	0.820731063	0.693718825	Vierzon202R3
Vierzon202	Vierzon	R4	20	2	290	intra.sup	Vierzon202R4	46	17	4	3	38	13	2	2	9	6	2	2	0	0	44	15	6	1	1	1	7	4	13	6	3	2	23	5	0	0	2.572391304	1.352173913	2.415217391	8.389130435	0.448392011	0.370569487	0.705561138	0.699854787	Vierzon202R4
Vierzon202	Vierzon	R5	20	2	290	intra.sup	Vierzon202R5	24	11	1	1	21	9	11	1	20	8	2	2	0	0	22	9	2	1	0	0	15	4	3	2	4	3	2	2	0	0	2.150416667	1.920833333	2.524166667	5.6625	0.312756751	1.506704588	0.348234996	0.499255643	Vierzon202R5
Vierzon203	Vierzon	R1	20	3	290	intra.inf	Vierzon203R1	36	23	8	3	21	17	8	5	19	11	3	2	3	1	30	19	15	9	3	2	13	6	5	5	5	5	11	6	1	1	2.232777778	1.593055556	2.68	4.325	0.522044808	0.421283454	0.825246148	0.371323612	Vierzon203R1
Vierzon203	Vierzon	R2	20	3	290	intra.inf	Vierzon203R2	50	25	3	2	31	19	16	8	29	11	2	2	2	2	44	22	14	8	5	2	23	8	7	5	11	7	3	2	0	0	2.1214	1.667	2.769	4.38	0.580311794	0.672121001	0.868207491	0.485237999	Vierzon203R2
Vierzon203	Vierzon	R3	20	3	290	intra.inf	Vierzon203R3	23	18	2	2	19	15	6	6	6	5	0	0	0	0	23	18	5	5	1	1	4	3	4	3	5	5	10	7	0	0	2.439565217	1.576086957	2.676956522	8.243478261	0.77107157	0.7191793	0.910037368	0.733806346	Vierzon203R3
Vierzon203	Vierzon	R4	20	3	290	intra.inf	Vierzon203R4	17	10	2	2	8	5	1	1	5	3	1	1	0	0	16	9	1	1	0	0	5	3	4	2	2	2	6	3	0	0	2.417058824	1.544117647	2.541176471	5.594117647	0.691341231	0.463929758	0.758393315	0.713088119	Vierzon203R4
Vierzon203	Vierzon	R5	20	3	290	intra.inf	Vierzon203R5	9	7	0	0	6	5	1	1	4	3	0	0	0	0	7	6	0	0	0	0	3	2	2	2	1	1	1	1	2	1	2.47	1.777777778	2.67	5.077777778	0.456970404	1.219032974	0.471954496	0.480632709	Vierzon203R5
Vierzon204	Vierzon	R1	20	4	290	infra	Vierzon204R1	31	19	1	1	24	16	8	4	21	10	7	3	0	0	20	15	9	6	4	1	14	6	4	4	0	0	9	8	0	0	2.419677419	1.757419355	2.883548387	4.358064516	0.496755202	0.754700576	0.776626486	0.386280207	Vierzon204R1
Vierzon204	Vierzon	R2	20	4	290	infra	Vierzon204R2	39	19	2	2	32	15	13	6	17	11	3	2	0	0	33	16	11	4	3	1	11	7	13	4	9	4	3	3	0	0	2.094358974	1.530769231	2.77974359	5.797435897	0.754640439	0.644415708	0.933217208	0.737038297	Vierzon204R2
Vierzon204	Vierzon	R3	20	4	290	infra	Vierzon204R3	30	15	4	2	19	11	2	1	16	8	1	1	0	0	29	14	0	0	0	0	15	7	5	5	1	1	9	2	0	0	2.238666667	1.523333333	2.204	5.283333333	0.654878081	0.643756972	0.523303145	0.699979456	Vierzon204R3
Vierzon204	Vierzon	R4	20	4	290	infra	Vierzon204R4	20	13	3	1	10	9	1	1	8	4	1	1	0	0	19	12	2	1	0	0	8	4	6	4	2	2	4	3	0	0	2.364	1.515	2.706	4.645	0.591522801	0.652227458	0.735439949	0.53607441	Vierzon204R4
Vierzon204	Vierzon	R5	20	4	290	infra	Vierzon204R5	6	4	0	0	5	3	3	1	5	3	0	0	0	0	6	4	0	0	0	0	4	2	1	1	1	1	0	0	0	0	1.875	2.091666667	2.55	3.133333333	0.401964708	1.230237321	0.242719455	0.148244359	Vierzon204R5
